Date,Open,High,Low,Close,Adj Close,Volume
2012-01-02,2.88565,2.93608,2.88565,2.90806,1.935065,35130.0
2012-01-03,2.94168,2.9697,2.93048,2.94729,1.961169,90561.0
2012-01-04,2.93048,2.9697,2.91927,2.9697,1.976081,55970.0
2012-01-05,2.9697,2.9697,2.93048,2.94729,1.961169,52447.0
2012-01-08,2.93608,2.98651,2.93048,2.98651,1.987266,75043.0
2012-01-09,2.99771,3.00332,2.9697,2.99211,1.990993,77925.0
2012-01-10,2.9753,3.00332,2.94168,2.9697,1.976081,113458.0
2012-01-11,2.99771,3.02573,2.99771,3.02013,2.0096380000000003,107667.0
2012-01-12,3.02013,3.02573,2.99771,3.02573,2.013363,75898.0
2012-01-15,3.02573,3.02573,2.99211,2.99211,1.990993,38457.0
2012-01-16,3.01452,3.05375,3.0089200000000003,3.05375,2.032009,138007.0
2012-01-17,3.03694,3.10978,3.03694,3.10417,2.065559,217120.0
2012-01-18,3.16581,3.22745,3.16581,3.19383,2.12522,339113.0
2012-01-19,3.1882200000000003,3.1882200000000003,3.1377900000000003,3.1546,2.099116,269180.0
2012-01-22,3.17141,3.25546,3.16581,3.23865,2.155044,211761.0
2012-01-23,3.24986,3.25546,3.22745,3.24986,2.162503,153407.0
2012-01-24,3.24986,3.2974900000000003,3.24986,3.26667,2.173689,437494.0
2012-01-26,3.27787,3.33391,3.27787,3.33391,2.2184310000000003,257546.0
2012-01-29,3.33951,3.35072,3.3171,3.33391,2.2184310000000003,158911.0
2012-01-30,3.33391,3.3675300000000004,3.33391,3.36192,2.23707,381105.0
2012-01-31,3.36192,3.36192,3.34511,3.35632,2.233343,101385.0
2012-02-01,3.35632,3.35632,3.35632,3.35632,2.233343,0.0
2012-02-02,3.35632,3.35632,3.35632,3.35632,2.233343,0.0
2012-02-05,3.35632,3.48519,3.30589,3.4459699999999995,2.292998,1975745.0
2012-02-06,3.4459699999999995,3.56924,3.4459699999999995,3.45157,2.296724,735658.0
2012-02-07,3.38636,3.50076,3.38636,3.49504,2.3256490000000003,3884680.0
2012-02-08,3.49504,3.63805,3.48932,3.54652,2.359905,1694474.0
2012-02-09,3.52936,3.5980000000000003,3.52936,3.5408,2.356099,1358643.0
2012-02-12,3.51792,3.52936,3.44356,3.50076,2.329455,1459969.0
2012-02-13,3.51792,3.57512,3.49504,3.57512,2.378936,661559.0
2012-02-14,3.54652,3.56368,3.51792,3.54652,2.359905,479892.0
2012-02-15,3.5236400000000003,3.56368,3.50076,3.54652,2.359905,640070.0
2012-02-16,3.56368,3.56368,3.5122,3.5408,2.356099,981996.0
2012-02-19,3.51792,3.58084,3.51792,3.5694,2.37513,1118636.0
2012-02-20,3.5694,3.67809,3.55796,3.67237,2.443647,1497069.0
2012-02-21,3.67237,3.72385,3.63805,3.66665,2.439841,585653.0
2012-02-22,3.66665,3.67809,3.64377,3.660930000000001,2.436035,1254673.0
2012-02-23,3.68953,3.68953,3.660930000000001,3.66665,2.439841,297250.0
2012-02-26,3.66665,3.67809,3.660930000000001,3.660930000000001,2.436035,451254.0
2012-02-27,3.660930000000001,3.71813,3.660930000000001,3.69525,2.458872,813662.0
2012-02-28,3.71813,3.74101,3.70097,3.71813,2.474097,930835.0
2012-02-29,3.68381,3.76961,3.67809,3.73529,2.4855150000000004,550131.0
2012-03-01,3.76389,3.78677,3.70097,3.75817,2.50074,890322.0
2012-03-04,3.73529,3.80393,3.72957,3.78677,2.519771,487605.0
2012-03-05,3.77533,3.82681,3.69525,3.74673,2.493128,724602.0
2012-03-06,3.70097,3.71813,3.5694,3.71813,2.474097,727524.0
2012-03-07,3.72957,3.80965,3.72385,3.80965,2.534995,500327.0
2012-03-08,3.78677,3.86113,3.76961,3.79821,2.5273830000000004,365660.0
2012-03-11,3.80965,3.88974,3.80965,3.85541,2.565445,754699.0
2012-03-12,3.86113,3.89546,3.84397,3.86685,2.573057,1266832.0
2012-03-13,3.86113,4.03274,3.86113,3.88401,2.584476,933200.0
2012-03-14,3.80965,3.83825,3.74673,3.82109,2.666168,735595.0
2012-03-15,3.81537,3.87257,3.79821,3.82681,2.670159,1063402.0
2012-03-18,3.82109,3.87257,3.82109,3.83253,2.67415,513229.0
2012-03-19,3.83253,3.84969,3.79821,3.82109,2.666168,394151.0
2012-03-20,3.80393,3.86113,3.80393,3.86113,2.694106,469075.0
2012-03-21,3.83253,3.84397,3.80393,3.80965,2.658186,640537.0
2012-03-22,3.80393,3.85541,3.78105,3.83253,2.67415,1604661.0
2012-03-25,3.82109,3.88401,3.82109,3.88401,2.710071,991957.0
2012-03-26,3.88401,3.88401,3.81537,3.87257,2.7020880000000003,557621.0
2012-03-27,3.88401,3.91262,3.84397,3.88974,2.714069,642920.0
2012-03-28,3.88974,3.91262,3.82681,3.82681,2.670159,318118.0
2012-03-29,3.85541,3.99842,3.84969,3.99842,2.7899,429611.0
2012-04-02,3.98126,4.0556199999999984,3.94694,3.98698,2.781918,2213650.0
2012-04-03,3.99842,4.03274,3.96982,4.03274,2.813847,1004750.0
2012-04-04,4.04418,4.0556199999999984,3.9355,3.95266,2.757971,2275501.0
2012-04-05,3.9355,3.98698,3.90118,3.9641,2.765953,418804.0
2012-04-10,3.9297800000000014,3.9297800000000014,3.87829,3.92406,2.738016,432116.0
2012-04-11,3.86113,3.91834,3.82681,3.88974,2.714069,1007187.0
2012-04-12,3.88974,3.90118,3.84397,3.88401,2.710071,855974.0
2012-04-13,3.90118,4.06134,3.89546,4.06134,2.833803,642955.0
2012-04-16,4.0041400000000005,4.03846,3.958380000000001,4.00986,2.797882,404598.0
2012-04-17,3.98126,4.01558,3.9641,3.96982,2.769945,389431.0
2012-04-18,4.00986,4.0213,3.98126,4.0041400000000005,2.793891,565896.0
2012-04-19,3.9927,4.03274,3.9927,4.01558,2.801874,544888.0
2012-04-20,4.0041400000000005,4.0213,3.94694,3.96982,2.769945,377226.0
2012-04-23,3.97554,4.0270199999999985,3.94694,4.0270199999999985,2.809856,522594.0
2012-04-24,4.00986,4.0270199999999985,3.98126,4.0213,2.8058650000000003,703128.0
2012-04-26,4.03846,4.14714,4.03846,4.1357,2.885687,744333.0
2012-04-27,4.17574,4.17574,4.00986,4.0213,2.8058650000000003,530066.0
2012-04-30,4.03274,4.06134,3.99842,4.0041400000000005,2.793891,491084.0
2012-05-01,3.99842,4.08708,3.9927,4.072780000000002,2.841785,439261.0
2012-05-02,4.0785,4.14714,4.06706,4.1357,2.885687,402093.0
2012-05-03,4.14714,4.17574,4.1071,4.17002,2.909634,526520.0
2012-05-04,4.15286,4.1643,4.06706,4.11854,2.873714,572952.0
2012-05-07,4.06134,4.0785,4.00986,4.06134,2.833803,401626.0
2012-05-08,4.06134,4.08994,4.04418,4.0785,2.845776,609863.0
2012-05-09,4.101380000000002,4.1299800000000015,4.0270199999999985,4.11854,2.873714,547360.0
2012-05-10,4.0785,4.26727,4.0785,4.26727,2.97749,967211.0
2012-05-11,4.26727,4.26727,4.17574,4.23295,2.953544,692887.0
2012-05-14,4.23295,4.26727,4.19291,4.26727,2.97749,448811.0
2012-05-15,4.20435,4.2272300000000005,4.19291,4.21579,2.94157,569961.0
2012-05-16,4.19291,4.21007,4.11854,4.1643,2.905643,509678.0
2012-05-17,4.14142,4.14142,3.94694,4.0556199999999984,2.829812,534273.0
2012-05-18,3.958380000000001,4.01558,3.86685,4.0041400000000005,2.793891,1114916.0
2012-05-21,3.89546,4.0499,3.86113,4.03274,2.813847,1257605.0
2012-05-22,4.084219999999998,4.25583,4.084219999999998,4.08994,2.853758,492544.0
2012-05-23,4.08994,4.11854,4.03846,4.08994,2.853758,351005.0
2012-05-24,4.11854,4.20435,4.11854,4.1585800000000015,2.901652,1969867.0
2012-05-25,4.1643,4.19291,4.1299800000000015,4.1585800000000015,2.901652,611673.0
2012-05-28,4.1585800000000015,4.18147,4.14714,4.17574,2.913625,595198.0
2012-05-29,4.17002,4.2272300000000005,4.1585800000000015,4.21007,2.937579,1367620.0
2012-05-30,4.1986300000000005,4.27871,4.1986300000000005,4.25583,2.9695080000000003,646245.0
2012-05-31,4.20435,4.29015,4.17002,4.23295,2.953544,728746.0
2012-06-01,4.40455,4.41027,4.30731,4.32447,3.017402,978963.0
2012-06-04,4.23295,4.27871,4.14714,4.26155,2.9734990000000003,383516.0
2012-06-05,4.29015,4.34163,4.24439,4.32447,3.017402,669545.0
2012-06-06,4.33019,4.34735,4.25583,4.27871,2.985472,820236.0
2012-06-07,4.29015,4.31303,4.26155,4.31303,3.009419,1455322.0
2012-06-08,4.30159,4.30159,4.21007,4.26155,2.9734990000000003,1863879.0
2012-06-12,4.26155,4.34735,4.26155,4.34163,3.029375,3652538.0
2012-06-13,4.31875,4.40455,4.31875,4.40455,3.073277,1731554.0
2012-06-14,4.35307,4.37023,4.29587,4.35307,3.037357,1892782.0
2012-06-15,4.34735,4.34735,4.23867,4.30731,3.005429,11710964.0
2012-06-18,4.31303,4.42743,4.30731,4.41027,3.077269,9219579.0
2012-06-19,4.37595,4.38167,4.24439,4.27871,2.985472,1226295.0
2012-06-20,4.28443,4.37595,4.27871,4.37595,3.053322,1565419.0
2012-06-21,4.39883,4.39883,4.33591,4.35307,3.037357,1198918.0
2012-06-22,4.33591,4.33591,4.24439,4.24439,2.961526,551832.0
2012-06-25,4.26727,4.30159,4.17002,4.27299,2.981482,516582.0
2012-06-26,4.17002,4.27871,4.1585800000000015,4.2215099999999985,2.945562,514192.0
2012-06-27,4.27871,4.35307,4.1986300000000005,4.26155,2.9734990000000003,795623.0
2012-06-28,4.26155,4.29587,4.2215099999999985,4.27299,2.981482,507190.0
2012-06-29,4.25011,4.33591,4.21007,4.32447,3.017402,416323.0
2012-07-02,4.27871,4.34163,4.21579,4.33591,3.025384,946682.0
2012-07-03,4.34735,4.39311,4.32447,4.37595,3.053322,776664.0
2012-07-04,4.40455,4.48464,4.36451,4.46748,3.117187,929716.0
2012-07-05,4.46175,4.51896,4.30159,4.51896,3.153108,1025440.0
2012-07-06,4.49036,4.54756,4.47892,4.5132400000000015,3.149116,1016828.0
2012-07-09,4.51896,4.5418400000000005,4.4875,4.5018,3.141134,743411.0
2012-07-10,4.52468,4.53612,4.48464,4.5018,3.141134,892338.0
2012-07-11,4.44459,4.49608,4.39311,4.49608,3.137143,509037.0
2012-07-12,4.49036,4.57616,4.46175,4.51896,3.153108,1105294.0
2012-07-13,4.5132400000000015,4.5704400000000005,4.43887,4.54756,3.173064,2218426.0
2012-07-16,4.57616,4.68484,4.55328,4.68484,3.26885,1705939.0
2012-07-17,4.62764,4.66196,4.6162,4.63336,3.23293,1169472.0
2012-07-18,4.62764,4.63336,4.51896,4.5704400000000005,3.189027,1347144.0
2012-07-19,4.60476,4.66196,4.58188,4.63336,3.23293,882898.0
2012-07-20,4.5876,4.69056,4.58188,4.69056,3.272841,1314860.0
2012-07-23,4.60476,4.60476,4.5418400000000005,4.559,3.181045,513057.0
2012-07-24,4.55328,4.5876,4.53612,4.5704400000000005,3.189027,424775.0
2012-07-25,4.5418400000000005,4.55328,4.43315,4.55328,3.177054,590866.0
2012-07-26,4.57616,4.69056,4.56472,4.6734,3.260868,969622.0
2012-07-27,4.69056,4.69056,4.5990400000000005,4.68484,3.26885,466865.0
2012-07-30,4.68484,4.7306,4.667680000000002,4.71344,3.2888050000000004,860238.0
2012-07-31,4.71916,4.80497,4.70772,4.77637,3.3327150000000003,1195100.0
2012-08-01,4.74204,4.77065,4.696280000000002,4.71916,3.292797,834637.0
2012-08-02,4.73632,4.7649300000000006,4.696280000000002,4.71916,3.292797,1000207.0
2012-08-03,4.69056,4.69056,4.6162,4.63336,3.23293,543266.0
2012-08-06,4.68484,4.71916,4.650519999999998,4.66196,3.252886,393142.0
2012-08-07,4.69056,4.7306,4.65624,4.71916,3.292797,492715.0
2012-08-08,4.74204,4.86217,4.70772,4.8221300000000005,3.364645,1164853.0
2012-08-09,4.81069,4.8221300000000005,4.7248800000000015,4.7248800000000015,3.296788,876106.0
2012-08-10,4.702,4.77065,4.702,4.71344,3.2888050000000004,522676.0
2012-08-13,4.71916,4.77637,4.702,4.71916,3.292797,603091.0
2012-08-14,4.71916,4.77065,4.69056,4.70772,3.284814,795922.0
2012-08-15,4.71916,4.7306,4.6162,4.650519999999998,3.244904,728539.0
2012-08-16,4.71916,4.73632,4.63908,4.73632,3.304771,1180485.0
2012-08-17,4.73632,4.73632,4.66196,4.696280000000002,3.2768330000000003,724804.0
2012-08-20,4.71344,4.74776,4.69056,4.74776,3.312753,507493.0
2012-08-21,4.7306,4.94225,4.71916,4.89649,3.416529,801918.0
2012-08-22,4.89077,4.89077,4.79925,4.80497,3.352671,503171.0
2012-08-23,4.80497,4.84501,4.75921,4.77065,3.328724,502175.0
2012-08-24,4.74776,4.74776,4.46175,4.6219199999999985,3.224948,1310738.0
2012-08-27,4.60476,4.6162,4.49608,4.55328,3.177054,676178.0
2012-08-28,4.559,4.56472,4.49036,4.51896,3.153108,1064598.0
2012-08-29,4.49036,4.57616,4.49036,4.56472,3.185036,535656.0
2012-08-30,4.559,4.559,4.23295,4.28443,2.989464,1487569.0
2012-08-31,4.23295,4.31303,4.21007,4.26727,2.97749,1245541.0
2012-09-03,4.27299,4.44459,4.27299,4.39883,3.069287,771083.0
2012-09-04,4.37595,4.39883,4.31875,4.34163,3.029375,2690816.0
2012-09-05,4.34735,4.34735,4.15286,4.23867,2.957535,1198292.0
2012-09-06,4.23295,4.33019,4.23295,4.26155,2.9734990000000003,883625.0
2012-09-07,4.30159,4.39883,4.29587,4.38739,3.061304,984146.0
2012-09-10,4.23295,4.30159,4.1986300000000005,4.25011,3.092387,1119271.0
2012-09-11,4.17574,4.25011,4.0556199999999984,4.06134,2.955038,779887.0
2012-09-12,4.03274,4.0785,3.98126,4.04418,2.942552,1822140.0
2012-09-13,4.11282,4.17002,4.06706,4.14142,3.013304,908615.0
2012-09-14,4.18147,4.23295,4.18147,4.2215099999999985,3.071578,574529.0
2012-09-17,4.23295,4.25011,4.14714,4.20435,3.059093,715585.0
2012-09-18,4.14714,4.15286,4.11854,4.1299800000000015,3.0049810000000003,1451513.0
2012-09-19,4.1299800000000015,4.18147,4.11854,4.15286,3.021628,1082517.0
2012-09-20,4.1299800000000015,4.15286,4.1071,4.12426,3.000819,1236482.0
2012-09-21,4.12426,4.23867,4.12426,4.20435,3.059093,980983.0
2012-09-24,4.20435,4.20435,4.12426,4.14714,3.017466,476370.0
2012-09-25,4.14714,4.18147,4.101380000000002,4.1357,3.009142,993910.0
2012-09-26,4.09566,4.1585800000000015,4.09566,4.14142,3.013304,586039.0
2012-09-27,4.14142,4.1585800000000015,4.06134,4.1585800000000015,3.02579,965568.0
2012-09-28,4.11854,4.14714,4.11282,4.14714,3.017466,875811.0
2012-10-01,4.1071,4.17002,4.1071,4.14142,3.013304,401336.0
2012-10-02,4.11854,4.17002,4.11282,4.14714,3.017466,931190.0
2012-10-03,4.15286,4.17002,4.11854,4.14714,3.017466,774669.0
2012-10-04,4.17002,4.28443,4.15286,4.28443,3.1173580000000003,833123.0
2012-10-05,4.36451,4.37023,4.32447,4.34735,3.1631400000000003,723844.0
2012-10-07,4.36451,4.36451,4.31303,4.32447,3.146492,312190.0
2012-10-08,4.30159,4.36451,4.30159,4.34163,3.158978,643979.0
2012-10-09,4.35307,4.35879,4.28443,4.29015,3.121521,777863.0
2012-10-10,4.26155,4.30731,4.26155,4.29015,3.121521,528545.0
2012-10-11,4.29015,4.33591,4.29015,4.33591,3.154815,307112.0
2012-10-14,4.26155,4.36451,4.25011,4.36451,3.175625,736894.0
2012-10-15,4.33019,4.41599,4.33019,4.39311,3.196434,815844.0
2012-10-16,4.39311,4.46748,4.37595,4.46175,3.246377,1312502.0
2012-10-17,4.559,4.56472,4.5018,4.559,3.317136,807587.0
2012-10-18,4.51896,4.51896,4.43315,4.4732,3.2547080000000004,1187186.0
2012-10-21,4.46175,4.5304,4.43887,4.50752,3.2796800000000004,468812.0
2012-10-22,4.52468,4.53612,4.50752,4.51896,3.288003,622179.0
2012-10-23,4.42743,4.5304,4.40455,4.52468,3.292165,1012951.0
2012-10-24,4.5304,4.5304,4.45031,4.50752,3.2796800000000004,992897.0
2012-10-25,4.46175,4.5304,4.46175,4.51896,3.288003,849243.0
2012-10-28,4.49036,4.54756,4.48464,4.51896,3.288003,807371.0
2012-10-29,4.54756,4.54756,4.42171,4.45603,3.2422150000000003,1068257.0
2012-10-30,4.56472,4.63336,4.47892,4.5990400000000005,3.34627,959991.0
2012-10-31,4.60476,4.60476,4.49036,4.51896,3.288003,1291693.0
2012-11-01,4.5704400000000005,4.58188,4.49036,4.58188,3.333784,745513.0
2012-11-04,4.5132400000000015,4.56472,4.46175,4.46175,3.246377,706715.0
2012-11-05,4.43315,4.5132400000000015,4.40455,4.46748,3.250546,468611.0
2012-11-06,4.4732,4.50752,4.40455,4.47892,3.25887,784684.0
2012-11-07,4.37595,4.48464,4.36451,4.46175,3.246377,558767.0
2012-11-08,4.36451,4.4732,4.36451,4.44459,3.233892,497696.0
2012-11-11,4.40455,4.46175,4.39311,4.44459,3.233892,437637.0
2012-11-12,4.44459,4.4732,4.33591,4.37023,3.179787,843710.0
2012-11-13,4.32447,4.38167,4.29015,4.38167,3.188111,555750.0
2012-11-14,4.30731,4.36451,4.29015,4.34735,3.1631400000000003,828922.0
2012-11-15,4.29015,4.37595,4.15286,4.34735,3.1631400000000003,832866.0
2012-11-18,4.31875,4.46175,4.29015,4.46175,3.246377,595535.0
2012-11-19,4.17574,4.18147,3.60373,3.60373,2.62208,7010181.0
2012-11-20,3.60373,3.65521,3.3692,3.43784,2.501378,5242967.0
2012-11-21,3.51792,3.56368,3.5064800000000003,3.55796,2.588778,2002006.0
2012-11-22,3.60373,3.60373,3.52936,3.5522400000000003,2.584616,1446750.0
2012-11-25,3.5694,3.5694,3.5122,3.54652,2.580454,749187.0
2012-11-26,3.52936,3.5522400000000003,3.5236400000000003,3.54652,2.580454,2108516.0
2012-11-27,3.54652,3.5522400000000003,3.46072,3.4836,2.534673,494079.0
2012-11-28,3.4836,3.5064800000000003,3.40924,3.46072,2.518026,2786487.0
2012-11-29,3.5122,3.54652,3.38636,3.40352,2.476407,1093093.0
2012-12-02,3.4264,3.53508,3.4121,3.5236400000000003,2.563806,3512067.0
2012-12-03,3.5122,3.51792,3.43212,3.43784,2.501378,828826.0
2012-12-04,3.43784,3.46072,3.41496,3.46072,2.518026,535196.0
2012-12-05,3.4492800000000003,3.47216,3.41496,3.4264,2.493054,574321.0
2012-12-06,3.4492800000000003,3.4492800000000003,3.41496,3.43212,2.497216,1147394.0
2012-12-09,3.43212,3.4492800000000003,3.3978,3.41496,2.48473,654045.0
2012-12-10,3.4206800000000004,3.52936,3.40924,3.52936,2.567969,622907.0
2012-12-11,3.54652,3.55796,3.5064800000000003,3.53508,2.57213,893633.0
2012-12-12,3.53508,3.53508,3.43784,3.46072,2.518026,783864.0
2012-12-13,3.47216,3.5122,3.47216,3.50076,2.547159,487695.0
2012-12-16,3.5236400000000003,3.62089,3.51792,3.60373,2.62208,944215.0
2012-12-17,3.65521,3.660930000000001,3.58084,3.58084,2.605425,1321842.0
2012-12-18,3.59228,3.660930000000001,3.57512,3.62089,2.634566,828050.0
2012-12-19,3.64377,3.74673,3.58084,3.73529,2.717803,1365912.0
2012-12-20,3.75817,3.958380000000001,3.74673,3.958380000000001,2.8801240000000004,1660282.0
2012-12-23,4.0041400000000005,4.0041400000000005,3.87257,3.91834,2.850991,294189.0
2012-12-26,3.89546,3.9641,3.88974,3.94122,2.867639,247058.0
2012-12-27,3.97554,4.01558,3.94694,3.9927,2.905096,433352.0
2012-12-30,3.94122,4.00986,3.92406,3.98698,2.900934,172768.0
2013-01-01,3.96982,4.01558,3.9297800000000014,3.97554,2.89261,301801.0
2013-01-02,4.0041400000000005,4.01558,3.96982,3.98698,2.900934,706273.0
2013-01-03,3.98126,3.98126,3.84969,3.9069,2.842667,418669.0
2013-01-06,3.91834,3.99842,3.91262,3.98126,2.896772,392462.0
2013-01-07,3.958380000000001,3.98126,3.91834,3.9641,2.884286,512126.0
2013-01-08,3.98126,4.00986,3.958380000000001,3.958380000000001,2.8801240000000004,346429.0
2013-01-09,3.94694,3.97554,3.88974,3.95266,2.875962,201575.0
2013-01-10,3.9069,3.92406,3.85541,3.90118,2.838505,368351.0
2013-01-13,3.88974,3.9297800000000014,3.88974,3.91834,2.850991,199761.0
2013-01-14,3.91834,3.92406,3.87829,3.87829,2.821851,231686.0
2013-01-15,3.86113,3.86685,3.76961,3.82681,2.784393,1526652.0
2013-01-16,3.87829,3.91834,3.85541,3.87829,2.821851,748250.0
2013-01-17,3.89546,3.89546,3.75817,3.88401,2.826012,470270.0
2013-01-20,3.84969,3.91834,3.79821,3.91834,2.850991,398696.0
2013-01-21,3.91834,3.91834,3.84397,3.86113,2.809365,591397.0
2013-01-22,3.84969,3.88401,3.77533,3.86113,2.809365,1025339.0
2013-01-23,3.85541,3.94694,3.84969,3.9355,2.863477,536800.0
2013-01-24,3.91834,3.9355,3.84397,3.90118,2.838505,499712.0
2013-01-28,3.90118,4.01558,3.90118,4.01558,2.921743,581308.0
2013-01-29,4.0213,4.0213,3.94694,3.958380000000001,2.8801240000000004,779485.0
2013-01-30,3.97554,4.072780000000002,3.86113,3.88974,2.830182,592009.0
2013-01-31,3.9355,3.9641,3.89546,3.958380000000001,2.8801240000000004,538598.0
2013-02-03,3.97554,3.97554,3.92406,3.94694,2.8718,406108.0
2013-02-04,3.94122,3.9641,3.90118,3.9641,2.884286,587520.0
2013-02-05,3.9641,3.9927,3.91262,3.94694,2.8718,760849.0
2013-02-06,3.90118,3.96982,3.90118,3.9641,2.884286,527338.0
2013-02-07,3.9641,3.98698,3.9297800000000014,3.94694,2.8718,361014.0
2013-02-10,3.90118,3.958380000000001,3.90118,3.9355,2.863477,298768.0
2013-02-11,3.94122,3.98698,3.9355,3.96982,2.888448,362482.0
2013-02-12,3.95266,4.0041400000000005,3.95266,4.0041400000000005,2.913419,899890.0
2013-02-13,3.9927,4.1643,3.9927,4.11854,2.996657,625782.0
2013-02-14,4.12426,4.20435,4.11282,4.14142,3.013304,813710.0
2013-02-17,4.14142,4.18719,4.14142,4.17002,3.034114,799380.0
2013-02-18,4.17574,4.32447,4.08994,4.21007,3.063254,922659.0
2013-02-19,4.17574,4.17574,3.99842,4.101380000000002,2.984171,962103.0
2013-02-20,4.0556199999999984,4.08994,4.00986,4.08994,2.975847,1140581.0
2013-02-21,4.11854,4.18719,4.06134,4.17002,3.034114,2113930.0
2013-02-24,4.17002,4.21007,4.14714,4.17574,3.038275,426099.0
2013-02-25,4.14714,4.1643,4.09566,4.12426,3.000819,500535.0
2013-02-26,4.08994,4.12426,4.0556199999999984,4.1071,2.9883330000000004,316732.0
2013-02-27,4.11854,4.11854,4.0556199999999984,4.09566,2.980009,474886.0
2013-02-28,4.084219999999998,4.084219999999998,3.91262,3.91834,2.850991,797348.0
2013-03-03,3.9069,3.91834,3.75245,3.77533,2.7469360000000003,1731999.0
2013-03-04,3.86113,3.98126,3.80393,3.82681,2.784393,1401481.0
2013-03-05,3.84397,3.9069,3.82681,3.86113,2.809365,1343611.0
2013-03-06,3.83825,3.87829,3.80965,3.86113,2.809365,507313.0
2013-03-07,3.87829,4.0499,3.87829,4.03846,2.93839,816713.0
2013-03-10,4.03846,4.072780000000002,3.99842,4.0499,2.946714,721153.0
2013-03-11,4.06134,4.06134,3.9641,4.03274,2.934229,779223.0
2013-03-12,4.0041400000000005,4.01558,3.96982,3.9927,2.905096,568926.0
2013-03-13,4.0041400000000005,4.0213,3.94694,3.95266,2.875962,565674.0
2013-03-14,4.0041400000000005,4.04418,3.98126,4.03846,2.93839,1434688.0
2013-03-17,3.94694,3.97554,3.86685,3.92406,2.988348,463269.0
2013-03-18,3.95266,4.03274,3.94694,3.96982,3.023196,955060.0
2013-03-19,4.0041400000000005,4.04418,3.97554,4.0041400000000005,3.049332,808970.0
2013-03-20,4.03274,4.03274,3.9355,4.00986,3.053689,820973.0
2013-03-21,4.0041400000000005,4.0041400000000005,3.91834,3.96982,3.023196,668143.0
2013-03-24,3.958380000000001,3.98126,3.9069,3.91262,2.979636,624674.0
2013-03-25,3.88401,3.90118,3.75817,3.84397,2.927356,660002.0
2013-03-26,3.87829,3.88974,3.70097,3.77533,2.875083,806666.0
2013-03-27,3.80393,3.9641,3.78105,3.9297800000000014,2.9927040000000003,1472152.0
2013-04-01,3.9069,3.958380000000001,3.84397,3.92406,2.988348,818363.0
2013-04-02,3.91262,3.9355,3.78677,3.81537,2.905576,775186.0
2013-04-03,3.79821,3.82109,3.72957,3.77533,2.875083,537200.0
2013-04-04,3.78105,3.83825,3.75817,3.77533,2.875083,1916311.0
2013-04-08,3.82109,3.88401,3.79249,3.82109,2.909932,1587667.0
2013-04-09,3.87257,3.94694,3.84397,3.89546,2.966568,393310.0
2013-04-10,3.85541,3.9297800000000014,3.83253,3.91834,2.983992,511998.0
2013-04-11,3.9069,3.91834,3.86685,3.88401,2.957848,524426.0
2013-04-12,3.86685,3.94694,3.84397,3.94694,3.0057720000000003,390719.0
2013-04-15,3.87829,3.87829,3.70097,3.74673,2.853303,451131.0
2013-04-16,3.660930000000001,3.70669,3.50076,3.68381,2.805387,396640.0
2013-04-17,3.69525,3.72957,3.68953,3.71813,2.831523,438083.0
2013-04-18,3.660930000000001,3.660930000000001,3.5122,3.5236400000000003,2.68341,869526.0
2013-04-19,3.5980000000000003,3.62661,3.55796,3.57512,2.722615,349121.0
2013-04-22,3.6323300000000014,3.65521,3.58084,3.64377,2.774894,549542.0
2013-04-23,3.64377,3.71813,3.62089,3.69525,2.814099,492542.0
2013-04-24,3.77533,3.82109,3.660930000000001,3.71241,2.827167,903832.0
2013-04-26,3.70097,3.82681,3.68381,3.72385,2.8358790000000003,600500.0
2013-04-29,3.77533,3.80965,3.71813,3.74673,2.853303,598095.0
2013-04-30,3.74673,3.75817,3.67237,3.72385,2.8358790000000003,673253.0
2013-05-01,3.75817,3.84969,3.75817,3.79249,2.888151,996291.0
2013-05-02,3.77533,3.77533,3.61517,3.66665,2.792319,3019497.0
2013-05-03,3.660930000000001,3.660930000000001,3.56368,3.60373,2.744402,959414.0
2013-05-06,3.60945,3.67237,3.60945,3.63805,2.770538,1649340.0
2013-05-07,3.61517,3.70669,3.60373,3.70097,2.818455,334609.0
2013-05-08,3.70669,3.72385,3.69525,3.70097,2.818455,538132.0
2013-05-09,3.68953,3.72957,3.660930000000001,3.660930000000001,2.787962,690238.0
2013-05-10,3.64377,3.68953,3.6323300000000014,3.660930000000001,2.787962,572685.0
2013-05-13,3.660930000000001,3.71241,3.61517,3.64949,2.779251,495783.0
2013-05-14,3.6323300000000014,3.660930000000001,3.5064800000000003,3.51792,2.6790540000000003,982903.0
2013-05-15,3.51792,3.5236400000000003,3.14611,3.3463199999999995,2.548373,5977182.0
2013-05-16,3.41496,3.4206800000000004,3.22905,3.29483,2.509161,1645931.0
2013-05-17,3.3406,3.40352,3.2833900000000003,3.3406,2.544017,1053116.0
2013-05-20,3.31772,3.31772,3.24907,3.26623,2.487381,1218580.0
2013-05-21,3.26051,3.26051,3.12323,3.14611,2.3959040000000003,1523012.0
2013-05-22,3.15183,3.18043,3.06031,3.12895,2.382836,1885386.0
2013-05-23,3.08891,3.11179,2.9745,3.06031,2.330563,1701443.0
2013-05-24,3.08891,3.09463,3.03171,3.08319,2.347988,1293305.0
2013-05-27,3.07175,3.07175,3.0031,3.03171,2.308783,739744.0
2013-05-28,3.06031,3.11751,3.03171,3.07747,2.343632,714411.0
2013-05-29,3.08319,3.11751,3.03743,3.10607,2.365412,834756.0
2013-05-30,3.10035,3.10035,3.02026,3.06603,2.334919,351346.0
2013-05-31,3.06031,3.09463,3.04887,3.07747,2.343632,544791.0
2013-06-03,3.08891,3.17471,3.04887,3.15755,2.404616,881733.0
2013-06-04,3.14611,3.14611,3.06031,3.06603,2.334919,1000299.0
2013-06-05,3.03743,3.04887,2.98022,3.01454,2.295707,754528.0
2013-06-06,2.95162,2.9573400000000003,2.84294,2.91158,2.217299,928281.0
2013-06-07,2.8887,2.93732,2.8658200000000003,2.88298,2.195519,431690.0
2013-06-11,2.8601,2.9144400000000004,2.84866,2.89442,2.204231,527798.0
2013-06-12,2.87726,2.87726,2.7743,2.8315,2.156315,776380.0
2013-06-13,2.75142,2.87726,2.7457,2.79146,2.1258220000000003,631331.0
2013-06-14,2.79146,2.8658200000000003,2.79146,2.84294,2.1650270000000003,588775.0
2013-06-17,2.8601,2.90014,2.81434,2.88298,2.195519,622510.0
2013-06-18,2.8658200000000003,2.89442,2.85438,2.8658200000000003,2.182451,950380.0
2013-06-19,2.8601,2.90014,2.84866,2.8658200000000003,2.182451,1321071.0
2013-06-20,2.91158,2.91158,2.78574,2.8315,2.156315,1184368.0
2013-06-21,2.8029,2.8658200000000003,2.73998,2.8601,2.178094,1137450.0
2013-06-24,2.8315,2.84866,2.81434,2.8315,2.156315,582394.0
2013-06-25,2.8315,2.87726,2.8315,2.87154,2.186806,712122.0
2013-06-26,2.90586,3.00882,2.8887,2.9459,2.243435,719157.0
2013-06-27,2.9745,3.00882,2.91158,2.9745,2.265215,698715.0
2013-06-28,2.95162,2.99738,2.95162,2.96306,2.256503,684663.0
2013-07-01,2.92302,2.9745,2.9173,2.9459,2.243435,434029.0
2013-07-02,2.9459,2.9859400000000003,2.9287400000000003,2.9573400000000003,2.252147,1074569.0
2013-07-03,2.9287400000000003,2.93446,2.8029,2.82578,2.151958,844032.0
2013-07-04,2.8601,2.93446,2.8601,2.9173,2.221655,325469.0
2013-07-05,2.92302,3.00882,2.87726,3.00882,2.291352,376828.0
2013-07-08,2.96306,3.01454,2.94876,2.99738,2.28264,262820.0
2013-07-09,2.99738,3.10607,2.99738,3.07175,2.339276,678372.0
2013-07-10,3.08891,3.09463,3.01454,3.02599,2.304427,445783.0
2013-07-11,3.06031,3.09463,3.03743,3.06603,2.334919,447016.0
2013-07-12,3.07175,3.10607,3.03743,3.05459,2.326207,621477.0
2013-07-15,3.09463,3.09463,3.06031,3.07175,2.339276,397532.0
2013-07-16,3.08891,3.08891,3.06603,3.07175,2.339276,356577.0
2013-07-17,3.07175,3.14611,3.07175,3.12895,2.382836,658367.0
2013-07-18,3.16327,3.2547900000000003,3.12895,3.19187,2.430753,617573.0
2013-07-19,3.19187,3.20331,3.14039,3.19187,2.430753,542885.0
2013-07-22,3.26051,3.26051,3.16899,3.16899,2.413328,218894.0
2013-07-23,3.22047,3.24335,3.16327,3.17471,2.417684,672763.0
2013-07-24,3.20331,3.2547900000000003,3.17757,3.20331,2.439464,502802.0
2013-07-25,3.20903,3.24335,3.17471,3.19759,2.435108,840698.0
2013-07-26,3.18043,3.20331,3.14039,3.16327,2.4089720000000003,345554.0
2013-07-29,3.17471,3.17471,3.04315,3.06031,2.330563,458568.0
2013-07-30,3.10035,3.10607,2.9573400000000003,3.00882,2.291352,543929.0
2013-07-31,3.08319,3.16327,3.07175,3.12895,2.382836,675616.0
2013-08-01,3.14611,3.23191,3.1346700000000003,3.20331,2.439464,509890.0
2013-08-02,3.20331,3.3692,3.19187,3.3406,2.544017,1522410.0
2013-08-05,3.43784,3.60373,3.3978,3.46072,2.635494,954493.0
2013-08-06,3.46072,3.54652,3.4264,3.43212,2.613714,828957.0
2013-08-07,3.47216,3.51792,3.43212,3.46072,2.635494,775274.0
2013-08-08,3.46072,3.46072,3.3348800000000005,3.35776,2.557085,433780.0
2013-08-09,3.35776,3.4264,3.32344,3.4206800000000004,2.605001,398208.0
2013-08-12,3.35776,3.5122,3.35776,3.49504,2.66163,241350.0
2013-08-13,3.51792,3.70097,3.49504,3.660930000000001,2.787962,714570.0
2013-08-14,3.68953,3.68953,3.59228,3.660930000000001,2.787962,538340.0
2013-08-15,3.6323300000000014,3.6323300000000014,3.58084,3.6323300000000014,2.766182,251948.0
2013-08-16,3.60945,3.62089,3.4778800000000003,3.52936,2.687766,799427.0
2013-08-19,3.62089,3.62089,3.53508,3.58656,2.731326,279763.0
2013-08-20,3.58656,3.6323300000000014,3.5122,3.57512,2.722615,573130.0
2013-08-21,3.56368,3.5980000000000003,3.56368,3.57512,2.722615,354128.0
2013-08-22,3.54652,3.64949,3.5408,3.60945,2.748758,714133.0
2013-08-23,3.61517,3.6323300000000014,3.59228,3.62089,2.75747,463330.0
2013-08-26,3.61517,3.6323300000000014,3.5694,3.5980000000000003,2.740038,452121.0
2013-08-27,3.5522400000000003,3.5837,3.51792,3.57512,2.722615,474227.0
2013-08-28,3.5064800000000003,3.55796,3.5064800000000003,3.5522400000000003,2.70519,549437.0
2013-08-29,3.54652,3.58656,3.5122,3.57512,2.722615,430270.0
2013-08-30,3.5522400000000003,3.67237,3.53508,3.660930000000001,2.787962,272803.0
2013-09-02,3.68953,3.73529,3.68953,3.71813,2.831523,554489.0
2013-09-03,3.70669,3.82109,3.68381,3.77533,2.875083,793102.0
2013-09-04,3.76961,3.83825,3.75245,3.81537,2.905576,913949.0
2013-09-05,3.79249,3.81537,3.5694,3.78677,2.883795,1811935.0
2013-09-06,3.86113,3.86113,3.72385,3.77533,2.875083,676942.0
2013-09-09,3.65521,3.71241,3.60373,3.67809,2.941264,418470.0
2013-09-10,3.67809,3.68953,3.64949,3.66665,2.932116,400140.0
2013-09-11,3.660930000000001,3.660930000000001,3.56368,3.6323300000000014,2.904671,591997.0
2013-09-12,3.62661,3.660930000000001,3.62089,3.6323300000000014,2.904671,1326947.0
2013-09-13,3.58656,3.64949,3.58656,3.64949,2.918394,361869.0
2013-09-16,3.660930000000001,3.68953,3.5980000000000003,3.660930000000001,2.927542,537827.0
2013-09-17,3.64949,3.64949,3.60945,3.6323300000000014,2.904671,436455.0
2013-09-18,3.64377,3.64949,3.56368,3.59228,2.872644,717900.0
2013-09-19,3.60373,3.660930000000001,3.5694,3.60945,2.886375,882135.0
2013-09-20,3.57512,3.62089,3.51792,3.60945,2.886375,764239.0
2013-09-23,3.58656,3.58656,3.43784,3.55796,2.8452,580062.0
2013-09-24,3.51792,3.59228,3.455,3.58656,2.86807,785280.0
2013-09-25,3.58656,3.60373,3.54652,3.58084,2.863496,457587.0
2013-09-26,3.57512,3.58656,3.5551,3.57512,2.858922,312330.0
2013-09-27,3.57512,3.58084,3.55796,3.57512,2.858922,212937.0
2013-09-30,3.55796,3.5694,3.51792,3.5522400000000003,2.840625,341383.0
2013-10-01,3.56368,3.58656,3.49504,3.57512,2.858922,806967.0
2013-10-02,3.55796,3.57512,3.49504,3.56368,2.849774,433459.0
2013-10-03,3.48932,3.5694,3.46644,3.5522400000000003,2.840625,274557.0
2013-10-04,3.5408,3.5522400000000003,3.46644,3.50076,2.799458,160190.0
2013-10-06,3.48932,3.5122,3.32058,3.32916,2.662234,313757.0
2013-10-07,3.3348800000000005,3.48932,3.3348800000000005,3.4836,2.785736,571134.0
2013-10-08,3.46644,3.5122,3.455,3.48932,2.79031,173562.0
2013-10-09,3.5122,3.56368,3.49504,3.54652,2.836051,1481835.0
2013-10-10,3.57512,3.67809,3.55796,3.64949,2.918394,652088.0
2013-10-13,3.60373,3.62089,3.58084,3.62089,2.895523,512206.0
2013-10-14,3.64949,3.69525,3.62089,3.68953,2.950412,1835148.0
2013-10-15,3.61517,3.68953,3.57512,3.67237,2.93669,669772.0
2013-10-16,3.660930000000001,3.71813,3.660930000000001,3.71241,2.968709,904907.0
2013-10-17,3.71813,3.86113,3.70097,3.76961,3.01445,628349.0
2013-10-20,3.77533,3.78105,3.73529,3.74673,2.996154,753549.0
2013-10-21,3.74673,3.84397,3.69525,3.81537,3.051043,1972458.0
2013-10-22,3.86113,3.86113,3.81823,3.83253,3.064765,541313.0
2013-10-23,3.81537,3.89546,3.81537,3.88401,3.105932,670676.0
2013-10-24,3.88974,3.90118,3.83253,3.85541,3.083062,689744.0
2013-10-27,3.88974,3.89546,3.84397,3.87829,3.1013580000000003,1899079.0
2013-10-28,3.87829,3.87829,3.80965,3.85541,3.083062,2304194.0
2013-10-29,3.86685,3.94122,3.85541,3.9297800000000014,3.142533,3338611.0
2013-10-30,3.9297800000000014,4.0556199999999984,3.91262,4.0499,3.2385900000000003,901313.0
2013-10-31,4.03846,4.1357,3.9355,4.101380000000002,3.279757,1003808.0
2013-11-03,4.1071,4.11854,4.01558,4.0556199999999984,3.243164,1653521.0
2013-11-04,4.01558,4.08994,4.01558,4.0785,3.261461,670926.0
2013-11-05,4.03846,4.17574,4.03846,4.14142,3.311776,1277734.0
2013-11-06,4.14142,4.18147,4.04418,4.17574,3.33922,1086716.0
2013-11-07,4.15286,4.17002,4.0499,4.1299800000000015,3.302628,951692.0
2013-11-10,4.11854,4.1643,4.09566,4.11282,3.288905,783569.0
2013-11-11,4.11854,4.1357,4.072780000000002,4.11854,3.293479,678433.0
2013-11-12,4.1071,4.1299800000000015,4.0785,4.08994,3.270609,655893.0
2013-11-13,4.09566,4.11854,3.89546,4.06706,3.252312,1031048.0
2013-11-14,4.04418,4.11854,3.9641,4.09566,3.275183,1553911.0
2013-11-17,4.0785,4.12426,3.958380000000001,4.1071,3.284331,499965.0
2013-11-18,4.06706,4.08994,3.98126,4.06706,3.252312,428424.0
2013-11-19,4.04418,4.04418,3.92406,3.9641,3.169978,724431.0
2013-11-20,3.90118,3.9297800000000014,3.86113,3.87257,3.096784,1109654.0
2013-11-21,3.90118,4.02416,3.90118,3.98126,3.183701,688571.0
2013-11-24,3.98126,4.00986,3.88401,3.95266,3.16083,598638.0
2013-11-25,3.95266,4.00986,3.86685,3.97554,3.179126,1190822.0
2013-11-26,3.958380000000001,3.958380000000001,3.82109,3.90118,3.119663,460262.0
2013-11-27,3.91834,3.98698,3.88974,3.94694,3.156256,782791.0
2013-11-28,3.9355,3.9355,3.83253,3.86685,3.09221,396923.0
2013-12-01,3.88974,3.91262,3.79249,3.83825,3.06934,976139.0
2013-12-02,3.82109,3.91262,3.79821,3.87257,3.096784,755857.0
2013-12-03,3.83253,4.07564,3.73529,4.03846,3.229442,1137557.0
2013-12-04,4.01558,4.0499,3.98126,4.0041400000000005,3.201997,903846.0
2013-12-05,3.99842,3.99842,3.9355,3.96982,3.1745520000000003,523115.0
2013-12-08,3.98126,3.9927,3.95266,3.9641,3.169978,551743.0
2013-12-09,3.88974,3.93264,3.76389,3.83253,3.064765,760201.0
2013-12-10,3.77533,3.84397,3.74101,3.82109,3.055617,615299.0
2013-12-11,3.82681,3.86685,3.76389,3.79821,3.037321,829802.0
2013-12-12,3.78105,3.84397,3.74101,3.79249,3.032746,918155.0
2013-12-15,3.76961,3.82681,3.72957,3.80965,3.046469,980188.0
2013-12-16,3.86113,3.87829,3.72957,3.77533,3.0190240000000004,847250.0
2013-12-17,3.75245,3.77533,3.660930000000001,3.69525,2.954986,918669.0
2013-12-18,3.71813,3.76961,3.5694,3.71813,2.9732830000000003,1285361.0
2013-12-19,3.72957,3.83253,3.72957,3.82681,3.060191,1495978.0
2013-12-22,3.83253,3.9069,3.76389,3.82681,3.060191,457173.0
2013-12-23,3.82681,3.87257,3.76389,3.87257,3.096784,370374.0
2013-12-26,3.91834,3.98126,3.86685,3.98126,3.183701,735534.0
2013-12-29,3.99842,4.00986,3.91834,4.00986,3.206571,518277.0
2013-12-30,4.00986,4.03274,3.94694,3.94694,3.156256,414758.0
2014-01-01,3.96982,4.08708,3.88974,4.072780000000002,3.256887,546294.0
2014-01-02,4.0213,4.0270199999999985,3.87257,3.91834,3.133385,529641.0
2014-01-05,3.9069,3.9297800000000014,3.79249,3.82681,3.060191,1066423.0
2014-01-06,3.82109,3.86113,3.5694,3.60945,2.886375,1503673.0
2014-01-07,3.65521,3.72957,3.6323300000000014,3.660930000000001,2.927542,944175.0
2014-01-08,3.68381,3.68381,3.6323300000000014,3.66665,2.932116,422375.0
2014-01-09,3.62089,3.67237,3.61517,3.660930000000001,2.927542,452897.0
2014-01-12,3.6323300000000014,3.64949,3.54652,3.60945,2.886375,513730.0
2014-01-13,3.57512,3.6323300000000014,3.54652,3.54652,2.836051,724512.0
2014-01-14,3.57512,3.58084,3.52936,3.52936,2.822329,381917.0
2014-01-15,3.53508,3.65807,3.53508,3.65521,2.922967,562636.0
2014-01-16,3.64377,3.72957,3.64377,3.71241,2.968709,855923.0
2014-01-19,3.71241,3.72957,3.63805,3.65521,2.922967,1290525.0
2014-01-20,3.660930000000001,3.72957,3.61517,3.71813,2.9732830000000003,1369844.0
2014-01-21,3.71813,3.81537,3.68381,3.81537,3.051043,1153708.0
2014-01-22,3.80393,3.82109,3.68381,3.72385,2.977857,703383.0
2014-01-23,3.69525,3.73529,3.660930000000001,3.70097,2.95956,730601.0
2014-01-27,3.61517,3.62089,3.54652,3.5980000000000003,2.877218,1750871.0
2014-01-28,3.62661,3.64949,3.58656,3.61517,2.890949,2207409.0
2014-01-29,3.59228,3.60945,3.53508,3.5980000000000003,2.877218,662953.0
2014-01-30,3.5980000000000003,3.660930000000001,3.5522400000000003,3.660930000000001,2.927542,480607.0
2014-02-02,3.71813,3.71813,3.58084,3.58084,2.863496,433277.0
2014-02-03,3.53508,3.68953,3.53508,3.60373,2.8818,1378721.0
2014-02-04,3.58084,3.64377,3.43784,3.4778800000000003,2.781162,1082396.0
2014-02-05,3.47216,3.50076,3.44356,3.48932,2.79031,1026693.0
2014-02-06,3.46644,3.5064800000000003,3.32344,3.4836,2.785736,1280155.0
2014-02-09,3.49504,3.58656,3.49504,3.54652,2.836051,685550.0
2014-02-10,3.5408,3.57512,3.49504,3.5408,2.831477,792712.0
2014-02-11,3.5522400000000003,3.68381,3.5236400000000003,3.68381,2.945838,1111991.0
2014-02-12,3.660930000000001,3.68953,3.60373,3.68381,2.945838,562869.0
2014-02-13,3.71813,3.75817,3.65521,3.75817,3.005302,844964.0
2014-02-16,3.77533,3.80965,3.65521,3.70097,2.95956,979693.0
2014-02-17,3.75245,3.82681,3.67809,3.71241,2.968709,999072.0
2014-02-18,3.68953,3.68953,3.58084,3.5980000000000003,2.877218,1547827.0
2014-02-19,3.60373,3.62661,3.58084,3.60945,2.886375,1903827.0
2014-02-20,3.63805,3.70669,3.62089,3.6323300000000014,2.904671,990574.0
2014-02-23,3.65521,3.67237,3.62661,3.6323300000000014,2.904671,952504.0
2014-02-24,3.660930000000001,3.71813,3.64377,3.67809,2.941264,1271952.0
2014-02-25,3.70097,3.71241,3.68381,3.70097,2.95956,987394.0
2014-02-26,3.64377,3.65521,3.55796,3.57512,2.858922,804733.0
2014-02-27,3.60373,3.6323300000000014,3.57512,3.59228,2.872644,524709.0
2014-03-02,3.59228,3.62661,3.54652,3.5694,2.854348,397180.0
2014-03-03,3.58084,3.66665,3.56368,3.65521,2.922967,714570.0
2014-03-04,3.66665,3.66665,3.5980000000000003,3.65521,2.922967,965827.0
2014-03-05,3.65521,3.660930000000001,3.62089,3.64377,2.913819,761888.0
2014-03-06,3.64949,3.68953,3.63805,3.64377,2.913819,711428.0
2014-03-09,3.6323300000000014,3.73529,3.6323300000000014,3.70669,2.964135,769152.0
2014-03-10,3.72385,3.74101,3.65521,3.70669,2.964135,637553.0
2014-03-11,3.70097,3.70669,3.60373,3.660930000000001,2.927542,433373.0
2014-03-12,3.660930000000001,3.73529,3.6323300000000014,3.67809,2.941264,662157.0
2014-03-13,3.67809,3.67809,3.67809,3.67809,2.941264,0.0
2014-03-16,3.49504,3.58656,3.3978,3.5694,3.009827,1054086.0
2014-03-17,3.5522400000000003,3.68381,3.5522400000000003,3.62089,3.053245,2344948.0
2014-03-18,3.6323300000000014,3.81537,3.60373,3.80965,3.212413,2316939.0
2014-03-19,3.88401,3.90118,3.75817,3.90118,3.289594,2420703.0
2014-03-20,3.86113,4.0041400000000005,3.79821,4.0041400000000005,3.376413,2247917.0
2014-03-23,3.94694,3.9641,3.83253,3.91834,3.304064,1148684.0
2014-03-24,3.91262,3.91262,3.86113,3.88401,3.275116,1144289.0
2014-03-25,3.88974,3.9641,3.82681,3.95266,3.3330040000000003,1577957.0
2014-03-26,3.91262,3.94694,3.86685,3.94122,3.323357,747032.0
2014-03-27,3.92406,4.0499,3.91262,4.0499,3.414999,1327382.0
2014-03-30,4.0556199999999984,4.1299800000000015,4.0270199999999985,4.11854,3.4728790000000003,1096095.0
2014-03-31,4.11282,4.11282,4.00986,4.03274,3.4005300000000003,987048.0
2014-04-01,4.06134,4.12426,4.01558,4.11854,3.4728790000000003,1055965.0
2014-04-02,4.11854,4.14142,4.0785,4.09566,3.453586,484235.0
2014-04-03,4.072780000000002,4.084219999999998,3.9927,3.9927,3.366767,1642210.0
2014-04-07,3.97554,4.0041400000000005,3.88974,3.98126,3.35712,1730120.0
2014-04-08,3.97554,3.99842,3.958380000000001,3.96982,3.3474730000000004,1688370.0
2014-04-09,3.9927,4.01558,3.96982,3.99842,3.3715900000000003,804357.0
2014-04-10,4.03274,4.06134,3.99842,4.00986,3.381237,771340.0
2014-04-11,3.95266,3.9641,3.89832,3.91262,3.2992410000000003,702972.0
2014-04-14,3.90118,3.96982,3.86685,3.9069,3.294417,904853.0
2014-04-15,3.91834,4.00986,3.88401,3.99842,3.3715900000000003,609419.0
2014-04-16,4.0213,4.08994,3.99842,4.08994,3.4487620000000003,973485.0
2014-04-17,4.08994,4.1071,3.9927,4.04418,3.4101760000000003,539805.0
2014-04-22,4.04418,4.04418,3.96982,4.0213,3.390883,505147.0
2014-04-23,4.04418,4.1071,4.03846,4.1071,3.463232,616709.0
2014-04-24,4.11282,4.12426,4.084219999999998,4.11854,3.4728790000000003,701649.0
2014-04-28,4.04418,4.1299800000000015,4.04418,4.12426,3.477702,608668.0
2014-04-29,4.12426,4.1357,3.96982,3.98698,3.361943,342416.0
2014-04-30,4.0270199999999985,4.06134,3.9641,3.9927,3.366767,433805.0
2014-05-01,4.0041400000000005,4.01558,3.91262,3.9641,3.34265,456204.0
2014-05-02,3.95266,4.101380000000002,3.9498,4.08994,3.4487620000000003,1161788.0
2014-05-05,4.084219999999998,4.084219999999998,4.03274,4.06706,3.429469,607208.0
2014-05-06,4.072780000000002,4.1299800000000015,4.06134,4.11854,3.4728790000000003,669818.0
2014-05-07,4.11854,4.11854,4.04704,4.06134,3.424646,666354.0
2014-05-08,4.08994,4.1986300000000005,4.08708,4.1643,3.5114650000000003,750755.0
2014-05-09,4.11854,4.11854,4.0270199999999985,4.06706,3.429469,850081.0
2014-05-12,4.0041400000000005,4.0041400000000005,3.86113,3.94122,3.323357,1643793.0
2014-05-13,3.92406,3.94122,3.83253,3.86685,3.260646,1494569.0
2014-05-14,3.87829,3.94122,3.86113,3.91834,3.304064,573365.0
2014-05-15,3.92406,3.9355,3.89546,3.9355,3.318534,599934.0
2014-05-16,3.9069,3.91834,3.87257,3.88401,3.275116,486406.0
2014-05-19,3.86685,3.87829,3.79821,3.80965,3.212413,763098.0
2014-05-20,3.82681,3.83539,3.72385,3.74673,3.159357,908720.0
2014-05-21,3.72385,3.78105,3.66379,3.76389,3.173827,811180.0
2014-05-22,3.78677,3.82681,3.73529,3.80393,3.20759,500615.0
2014-05-23,3.80393,3.80965,3.76961,3.78105,3.188297,311856.0
2014-05-26,3.78105,3.78105,3.74673,3.75817,3.169003,325559.0
2014-05-27,3.75245,3.78677,3.72385,3.72385,3.140064,356750.0
2014-05-28,3.74673,3.75245,3.71241,3.74101,3.154534,700722.0
2014-05-29,3.72957,3.75245,3.68953,3.70097,3.120771,451797.0
2014-05-30,3.71813,3.73529,3.68953,3.68953,3.111125,1022391.0
2014-06-02,3.69525,3.72957,3.67809,3.68953,3.111125,1141039.0
2014-06-03,3.67809,3.69525,3.6323300000000014,3.64377,3.072538,968966.0
2014-06-04,3.660930000000001,3.660930000000001,3.5980000000000003,3.60373,3.038775,520552.0
2014-06-05,3.60945,3.67809,3.60373,3.65521,3.082185,1179896.0
2014-06-06,3.6323300000000014,3.66665,3.61517,3.62089,3.053245,461063.0
2014-06-10,3.63805,3.67237,3.62661,3.66665,3.091831,353227.0
2014-06-11,3.64377,3.67237,3.60373,3.660930000000001,3.087008,566181.0
2014-06-12,3.60945,3.64377,3.60659,3.62661,3.058069,866386.0
2014-06-13,3.60373,3.6323300000000014,3.5980000000000003,3.6323300000000014,3.062891,645820.0
2014-06-16,3.60945,3.62661,3.5522400000000003,3.5980000000000003,3.033944,545163.0
2014-06-17,3.59228,3.5980000000000003,3.5064800000000003,3.57512,3.014651,1461472.0
2014-06-18,3.58084,3.65521,3.58084,3.63805,3.067715,439039.0
2014-06-19,3.66665,3.74387,3.660930000000001,3.72957,3.144887,912904.0
2014-06-20,3.67809,3.72957,3.67237,3.71813,3.135241,832387.0
2014-06-23,3.73529,3.78391,3.70669,3.75245,3.164181,449526.0
2014-06-24,3.73529,3.75817,3.67237,3.67237,3.096655,260695.0
2014-06-25,3.61517,3.62661,3.5522400000000003,3.60373,3.038775,697535.0
2014-06-26,3.60945,3.67237,3.60945,3.67237,3.096655,339357.0
2014-06-27,3.67809,3.70669,3.64949,3.660930000000001,3.087008,598665.0
2014-06-30,3.660930000000001,3.66665,3.60373,3.61517,3.048422,422980.0
2014-07-01,3.60373,3.660930000000001,3.58084,3.64377,3.072538,606344.0
2014-07-02,3.66665,3.77533,3.660930000000001,3.76389,3.173827,546519.0
2014-07-03,3.71241,3.78677,3.68381,3.77533,3.1834740000000004,667713.0
2014-07-04,3.83253,3.85541,3.81537,3.84969,3.246176,470454.0
2014-07-07,3.84969,3.86113,3.75817,3.75817,3.169003,660238.0
2014-07-08,3.67237,3.75817,3.66665,3.74673,3.159357,485913.0
2014-07-09,3.71813,3.74673,3.68095,3.70669,3.125594,749068.0
2014-07-10,3.71813,3.72385,3.69811,3.70669,3.125594,362155.0
2014-07-11,3.70669,3.70669,3.660930000000001,3.66665,3.091831,469802.0
2014-07-14,3.69525,3.75817,3.67237,3.72385,3.140064,803173.0
2014-07-15,3.74673,3.77533,3.72957,3.76961,3.17865,302164.0
2014-07-16,3.76389,3.78677,3.74959,3.75817,3.169003,267201.0
2014-07-17,3.77533,3.80393,3.5522400000000003,3.63805,3.067715,2333124.0
2014-07-18,3.5980000000000003,3.64949,3.56368,3.59228,3.0291200000000003,1787810.0
2014-07-21,3.58084,3.58656,3.41496,3.4206800000000004,2.8844220000000003,1669986.0
2014-07-22,3.4264,3.54938,3.4206800000000004,3.51792,2.966418,1256645.0
2014-07-23,3.57512,3.5980000000000003,3.5408,3.55796,3.000181,941670.0
2014-07-24,3.5980000000000003,3.60373,3.5236400000000003,3.55796,3.000181,562605.0
2014-07-25,3.52936,3.56368,3.5122,3.52936,2.976064,565496.0
2014-07-28,3.51792,3.5522400000000003,3.51792,3.5408,2.985711,330532.0
2014-07-29,3.56368,3.62089,3.54652,3.60373,3.038775,504414.0
2014-07-30,3.5980000000000003,3.660930000000001,3.5522400000000003,3.62661,3.058069,554301.0
2014-07-31,3.62661,3.64949,3.57512,3.60373,3.038775,452568.0
2014-08-01,3.5694,3.5694,3.49504,3.53508,2.980887,721499.0
2014-08-04,3.5236400000000003,3.53508,3.47216,3.49504,2.947124,738289.0
2014-08-05,3.49504,3.5122,3.4492800000000003,3.46644,2.9230080000000003,578127.0
2014-08-06,3.4492800000000003,3.455,3.40352,3.4206800000000004,2.8844220000000003,614493.0
2014-08-07,3.41496,3.4349800000000004,3.32344,3.3634800000000005,2.836189,1241100.0
2014-08-08,3.3634800000000005,3.40352,3.35204,3.38064,2.850659,1080515.0
2014-08-11,3.3978,3.40924,3.3406,3.3692,2.841012,600773.0
2014-08-12,3.37492,3.46644,3.37492,3.46644,2.9230080000000003,508126.0
2014-08-13,3.46072,3.46644,3.4264,3.43212,2.894068,572611.0
2014-08-14,3.43212,3.46644,3.41496,3.4492800000000003,2.908538,795829.0
2014-08-15,3.47216,3.51792,3.46072,3.4778800000000003,2.932655,552993.0
2014-08-18,3.47216,3.54938,3.43784,3.52936,2.976064,524185.0
2014-08-19,3.48932,3.70097,3.48932,3.67237,3.096655,943100.0
2014-08-20,3.68953,3.83253,3.64377,3.81537,3.217237,1224999.0
2014-08-21,3.83253,3.83253,3.75817,3.80965,3.212413,1063414.0
2014-08-22,3.80965,3.9069,3.79249,3.80965,3.212413,935565.0
2014-08-25,3.75817,3.79821,3.72957,3.76961,3.17865,636235.0
2014-08-26,3.74673,3.77533,3.70669,3.74673,3.159357,715800.0
2014-08-27,3.76961,3.79821,3.71813,3.74673,3.159357,862710.0
2014-08-28,3.74673,3.76961,3.67809,3.71813,3.135241,965834.0
2014-08-29,3.73529,3.76389,3.73529,3.76389,3.173827,785006.0
2014-09-01,3.74673,3.85541,3.74101,3.84969,3.246176,746997.0
2014-09-02,3.85541,3.88401,3.79821,3.88401,3.275116,1181632.0
2014-09-03,3.88974,4.0041400000000005,3.86113,3.89546,3.284771,690431.0
2014-09-04,3.9069,3.9641,3.88974,3.958380000000001,3.337827,524033.0
2014-09-05,3.9641,3.9927,3.9355,3.9355,3.318534,786275.0
2014-09-08,3.958380000000001,3.96982,3.9069,3.95266,3.3330040000000003,489665.0
2014-09-09,3.958380000000001,3.96982,3.87829,3.958380000000001,3.337827,794336.0
2014-09-10,3.78105,3.81537,3.70097,3.74673,3.301131,1311570.0
2014-09-11,3.77533,3.77533,3.6323300000000014,3.64949,3.215455,756082.0
2014-09-12,3.63805,3.65521,3.59228,3.63805,3.205376,697771.0
2014-09-15,3.62089,3.71241,3.60945,3.660930000000001,3.225535,532099.0
2014-09-16,3.65521,3.68953,3.62089,3.6323300000000014,3.200336,548532.0
2014-09-17,3.64377,3.66665,3.62089,3.64377,3.210416,431144.0
2014-09-18,3.67809,3.68381,3.61517,3.64377,3.210416,523587.0
2014-09-19,3.6323300000000014,3.66665,3.62089,3.64949,3.215455,376948.0
2014-09-22,3.63805,3.65521,3.5408,3.55796,3.134811,608856.0
2014-09-23,3.55796,3.62089,3.53508,3.60945,3.180177,692869.0
2014-09-24,3.59228,3.60945,3.53508,3.60373,3.175138,373636.0
2014-09-25,3.60373,3.62089,3.57512,3.59228,3.165049,336084.0
2014-09-26,3.455,3.5122,3.43784,3.49504,3.079374,729524.0
2014-09-29,3.46072,3.50076,3.43212,3.4836,3.069294,631861.0
2014-09-30,3.4836,3.4836,3.4264,3.4492800000000003,3.039056,735953.0
2014-10-01,3.41496,3.4836,3.38636,3.4836,3.069294,939969.0
2014-10-02,3.43212,3.4492800000000003,3.40352,3.4206800000000004,3.0138580000000004,1125779.0
2014-10-03,3.40352,3.4206800000000004,3.3348800000000005,3.37492,2.9735400000000003,1143889.0
2014-10-05,3.3692,3.37492,3.20903,3.3348800000000005,2.938262,1205913.0
2014-10-06,3.35776,3.38064,3.2833900000000003,3.3463199999999995,2.948341,1213622.0
2014-10-07,3.2547900000000003,3.38636,3.23763,3.3634800000000005,2.963461,661423.0
2014-10-08,3.3978,3.4264,3.37492,3.38064,2.97858,364993.0
2014-10-09,3.26623,3.3348800000000005,3.26051,3.30627,2.9130540000000003,1512970.0
2014-10-12,3.24907,3.27767,3.22333,3.26051,2.872737,865893.0
2014-10-13,3.23191,3.32344,3.21475,3.30055,2.908015,463386.0
2014-10-14,3.29483,3.31199,3.26337,3.30627,2.9130540000000003,615021.0
2014-10-15,3.27767,3.27767,3.20903,3.24907,2.862657,592111.0
2014-10-16,3.26623,3.30055,3.24907,3.27767,2.887856,419283.0
2014-10-19,3.31772,3.31772,3.26623,3.28911,2.897935,325354.0
2014-10-20,3.30627,3.31199,3.24335,3.26051,2.872737,542347.0
2014-10-21,3.30627,3.38064,3.23763,3.3634800000000005,2.963461,915437.0
2014-10-22,3.35204,3.64949,3.08891,3.12323,2.751784,2123381.0
2014-10-23,3.18043,3.26623,3.16899,3.21475,2.832419,2008233.0
2014-10-26,3.2261900000000003,3.23763,3.14611,3.20331,2.82234,1188190.0
2014-10-27,3.19759,3.20331,3.08319,3.09463,2.726585,1183767.0
2014-10-28,3.12323,3.20331,3.05459,3.09463,2.726585,1136758.0
2014-10-29,3.11751,3.18043,3.08891,3.11179,2.741704,959238.0
2014-10-30,3.1346700000000003,3.21475,3.1346700000000003,3.17471,2.797141,1122767.0
2014-11-02,3.20331,3.21475,3.15755,3.17471,2.797141,791238.0
2014-11-03,3.19187,3.19759,3.08891,3.14611,2.771942,1332097.0
2014-11-04,3.15755,3.16899,3.05459,3.06603,2.701386,619811.0
2014-11-05,3.08319,3.12895,3.04887,3.06603,2.701386,601182.0
2014-11-06,3.10035,3.1346700000000003,2.99166,3.03743,2.676188,819891.0
2014-11-09,3.03171,3.06031,2.98022,3.01454,2.6560200000000003,1027008.0
2014-11-10,3.02026,3.04887,2.98022,2.98022,2.625782,711463.0
2014-11-11,3.00882,3.00882,2.9173,2.9459,2.595543,945974.0
2014-11-12,2.96878,2.9859400000000003,2.9173,2.9859400000000003,2.630821,634842.0
2014-11-13,2.99738,2.99738,2.9287400000000003,2.9459,2.595543,1159264.0
2014-11-16,2.9745,2.99738,2.93446,2.96306,2.610662,614725.0
2014-11-17,2.93446,2.98022,2.8887,2.90586,2.560265,777786.0
2014-11-18,2.91158,2.95162,2.88298,2.88298,2.540107,1287471.0
2014-11-19,2.8601,2.88298,2.7457,2.75142,2.424193,1436593.0
2014-11-20,2.05927,2.2366,2.04211,2.0649900000000003,1.8194,3959282.0
2014-11-23,2.17368,2.18512,1.98491,2.00207,1.7639630000000002,3591410.0
2014-11-24,2.07071,2.10503,1.97347,1.99063,1.753884,2778243.0
2014-11-25,1.98491,2.01351,1.91055,1.91055,1.683328,2852144.0
2014-11-26,1.94487,1.94487,1.86478,1.87623,1.6530900000000002,1426506.0
2014-11-27,1.85334,1.8705,1.8133,1.8419,1.622842,2129947.0
2014-11-30,1.83618,1.8419,1.67602,1.67602,1.476691,2674573.0
2014-12-01,1.71606,1.7389400000000002,1.61882,1.64742,1.451492,2417551.0
2014-12-02,1.65314,1.7847,1.65314,1.71606,1.511969,2799536.0
2014-12-03,1.74466,1.80758,1.7275,1.7503799999999998,1.542207,1640565.0
2014-12-04,1.7732599999999998,1.8133,1.7561,1.7561,1.547247,2180239.0
2014-12-07,1.79614,1.83618,1.77898,1.7847,1.572445,1527279.0
2014-12-08,1.7847,1.81902,1.73322,1.73322,1.527088,2412726.0
2014-12-09,1.7275,1.77898,1.72178,1.74466,1.537167,1139628.0
2014-12-10,1.73322,1.86478,1.73322,1.80186,1.587564,2196244.0
2014-12-11,1.80758,1.8419,1.7618200000000002,1.7618200000000002,1.552286,828428.0
2014-12-14,1.74466,1.7503799999999998,1.68746,1.69318,1.49181,818858.0
2014-12-15,1.69318,1.83046,1.69318,1.74466,1.537167,1005808.0
2014-12-16,1.77898,1.79042,1.69318,1.70462,1.501889,627578.0
2014-12-17,1.71606,1.85334,1.71606,1.80186,1.587564,1364732.0
2014-12-18,1.85906,1.90197,1.84762,1.86478,1.643001,1616089.0
2014-12-21,1.90483,1.97347,1.89911,1.96203,1.7286849999999998,1367989.0
2014-12-22,1.97347,2.11647,1.89911,1.91627,1.688368,2429169.0
2014-12-23,1.96203,1.96775,1.8705,1.91055,1.683328,840455.0
2014-12-28,1.92771,2.02495,1.92771,1.99063,1.753884,809620.0
2014-12-29,2.00207,2.01923,1.96775,1.97919,1.743804,584259.0
2014-12-30,2.00207,2.02495,1.95631,1.95631,1.723646,309722.0
2015-01-01,1.97919,2.04211,1.96775,2.01923,1.779082,607694.0
2015-01-04,2.01923,2.04783,2.00779,2.01351,1.774043,1559054.0
2015-01-05,1.97919,1.99063,1.89911,1.92771,1.698447,898469.0
2015-01-06,1.93343,1.94487,1.84762,1.89911,1.6732479999999998,441032.0
2015-01-07,1.92199,1.93343,1.85906,1.89339,1.668209,968750.0
2015-01-08,1.89339,1.99063,1.88767,1.96203,1.7286849999999998,637357.0
2015-01-11,1.95631,1.96203,1.62454,1.6588599999999998,1.461571,2431937.0
2015-01-12,1.6817400000000002,1.74466,1.48725,1.52157,1.340609,4286246.0
2015-01-13,1.54445,1.63026,1.52729,1.54445,1.360768,2048593.0
2015-01-14,1.54445,1.55017,1.44149,1.53301,1.350689,1947637.0
2015-01-15,1.54445,1.59022,1.49297,1.52157,1.340609,2274229.0
2015-01-18,1.57305,1.6131,1.52157,1.53301,1.350689,1150880.0
2015-01-19,1.52157,1.55589,1.51013,1.54445,1.360768,687516.0
2015-01-20,1.55017,1.56161,1.51013,1.52157,1.340609,776949.0
2015-01-21,1.52729,1.56733,1.52729,1.53301,1.350689,991980.0
2015-01-22,1.55589,1.62454,1.54445,1.57305,1.385967,1035791.0
2015-01-26,1.57877,1.64742,1.57877,1.6417,1.446452,1237259.0
2015-01-27,1.62454,1.7389400000000002,1.61882,1.73322,1.527088,1179466.0
2015-01-28,1.70462,1.7847,1.69318,1.7561,1.547247,809031.0
2015-01-29,1.7561,1.7561,1.67602,1.69318,1.49181,1006341.0
2015-02-01,1.68746,1.70462,1.63026,1.6417,1.446452,657274.0
2015-02-02,1.63598,1.7389400000000002,1.63598,1.66458,1.466611,1997130.0
2015-02-03,1.7275,1.7389400000000002,1.63026,1.63026,1.436373,1410241.0
2015-02-04,1.64742,1.68746,1.63026,1.6703,1.471651,1439812.0
2015-02-05,1.6817400000000002,1.7103400000000002,1.6703,1.6989,1.496849,1019164.0
2015-02-08,1.6989,1.77898,1.6989,1.7389400000000002,1.532127,1312378.0
2015-02-09,1.72178,1.7503799999999998,1.6588599999999998,1.68746,1.48677,2437950.0
2015-02-10,1.73322,1.73322,1.56733,1.60166,1.411174,1428681.0
2015-02-11,1.60166,1.60738,1.53873,1.56733,1.380927,2651744.0
2015-02-12,1.5845,1.63026,1.5845,1.59594,1.406134,1996585.0
2015-02-15,1.60166,1.6817400000000002,1.59594,1.63026,1.436373,1498572.0
2015-02-16,1.73322,1.7732599999999998,1.57305,1.64742,1.451492,4245260.0
2015-02-17,1.69318,1.73322,1.6731599999999998,1.70462,1.501889,2955478.0
2015-02-18,1.71606,1.7847,1.70462,1.7732599999999998,1.562366,3829998.0
2015-02-19,1.80186,1.96203,1.79614,1.87623,1.6530900000000002,3738739.0
2015-02-22,1.93343,1.93915,1.86478,1.93343,1.703487,1965297.0
2015-02-23,1.93343,1.94487,1.83046,1.84762,1.627882,1503561.0
2015-02-24,1.88195,1.92199,1.85334,1.91055,1.683328,1316370.0
2015-02-25,1.91055,1.91055,1.87623,1.89339,1.668209,603572.0
2015-02-26,1.89339,1.91627,1.8705,1.88767,1.663169,1153651.0
2015-03-01,1.88767,1.91055,1.8247400000000005,1.85334,1.632922,1897121.0
2015-03-02,1.84762,1.91627,1.8419,1.90483,1.678288,917900.0
2015-03-03,1.91627,1.92771,1.85906,1.86478,1.643001,470246.0
2015-03-04,1.86478,1.89911,1.85334,1.89911,1.6732479999999998,389371.0
2015-03-05,1.89911,1.90483,1.85906,1.90483,1.678288,408215.0
2015-03-08,1.87623,1.90483,1.80186,1.8133,1.597644,607045.0
2015-03-09,1.8247400000000005,1.8419,1.7732599999999998,1.7847,1.572445,1103213.0
2015-03-10,1.7561,1.84762,1.7503799999999998,1.81902,1.602684,456675.0
2015-03-11,1.8133,1.83046,1.7847,1.79614,1.582525,625795.0
2015-03-12,1.79614,1.8133,1.76754,1.7847,1.572445,333606.0
2015-03-15,1.7732599999999998,1.80758,1.7732599999999998,1.79042,1.577485,559977.0
2015-03-16,1.8133,1.82188,1.77898,1.79042,1.577485,966505.0
2015-03-17,1.6989,1.6989,1.60738,1.62454,1.543397,1256942.0
2015-03-18,1.63026,1.6703,1.62454,1.66458,1.581437,1244616.0
2015-03-19,1.6588599999999998,1.7561,1.6588599999999998,1.7275,1.641214,1758095.0
2015-03-22,1.7103400000000002,1.8247400000000005,1.69318,1.80186,1.71186,967867.0
2015-03-23,1.80186,1.87623,1.80186,1.83046,1.739032,659386.0
2015-03-24,1.8419,1.90483,1.8419,1.89911,1.804253,1015835.0
2015-03-25,1.85906,1.88767,1.84762,1.85906,1.766203,2556062.0
2015-03-26,1.84762,1.88767,1.84762,1.8705,1.7770720000000002,750371.0
2015-03-29,1.85906,1.88767,1.84762,1.85906,1.766203,683378.0
2015-03-30,1.88195,1.89911,1.85334,1.87623,1.782516,1304743.0
2015-03-31,1.85334,1.89911,1.81902,1.83618,1.744466,803142.0
2015-04-01,1.83046,1.8419,1.80186,1.83046,1.739032,335667.0
2015-04-07,1.83618,1.90483,1.83046,1.86478,1.771637,949610.0
2015-04-08,1.85906,1.89339,1.84762,1.85906,1.766203,540588.0
2015-04-09,1.85334,1.88767,1.84762,1.88195,1.78795,706393.0
2015-04-10,1.88195,1.89339,1.86478,1.88195,1.78795,298210.0
2015-04-13,1.88767,1.89911,1.86478,1.89339,1.798818,1348546.0
2015-04-14,1.89911,1.91055,1.87623,1.91055,1.815121,1141967.0
2015-04-15,1.91055,1.93343,1.88767,1.91627,1.820556,797563.0
2015-04-16,1.91627,1.99063,1.91055,1.97347,1.874899,889107.0
2015-04-17,1.97919,2.01351,1.89339,1.91627,1.820556,1199598.0
2015-04-20,1.90483,1.90483,1.80758,1.8419,1.7499,910683.0
2015-04-21,1.86478,1.89911,1.86478,1.89911,1.804253,521344.0
2015-04-22,1.89339,1.93343,1.86478,1.93343,1.836859,308171.0
2015-04-23,1.93343,1.93343,1.87623,1.93343,1.836859,890733.0
2015-04-24,1.93915,1.98491,1.93343,1.96775,1.869464,426094.0
2015-04-27,1.98491,2.0649900000000003,1.97347,2.0649900000000003,1.961847,907468.0
2015-04-28,2.07071,2.13935,2.01351,2.05927,1.956413,1151582.0
2015-04-29,2.05927,2.07071,1.97347,1.99635,1.896636,1228276.0
2015-04-30,1.95631,2.00779,1.93343,1.97919,1.8803330000000005,1461780.0
2015-05-01,1.96203,2.00779,1.95631,2.00207,1.90207,1124999.0
2015-05-04,2.00207,2.04211,1.97919,2.03067,1.929241,1068886.0
2015-05-05,2.01351,2.01923,1.97919,1.99635,1.896636,786487.0
2015-05-06,1.99635,2.00207,1.97347,1.97919,1.8803330000000005,1054039.0
2015-05-07,1.92771,1.98491,1.91627,1.96203,1.86403,766882.0
2015-05-08,1.96203,1.99635,1.91627,1.92771,1.831424,622130.0
2015-05-11,1.95059,2.00207,1.94487,1.97919,1.8803330000000005,733691.0
2015-05-12,1.99635,2.00207,1.95631,1.98491,1.885767,1001850.0
2015-05-13,1.97347,2.03067,1.97347,2.00207,1.90207,830975.0
2015-05-14,1.97347,2.00779,1.95631,2.00207,1.90207,948448.0
2015-05-15,2.00207,2.03067,1.94487,1.97347,1.874899,1077281.0
2015-05-18,1.97919,2.00779,1.97347,1.98491,1.885767,963199.0
2015-05-19,1.99635,1.99635,1.95059,1.96775,1.869464,2059724.0
2015-05-20,1.76754,1.76754,1.36713,1.43005,1.358621,12124303.0
2015-05-21,1.38429,1.39573,1.247,1.34997,1.282541,15133754.0
2015-05-22,1.50441,1.64742,1.47581,1.60738,1.527094,5072754.0
2015-05-25,1.62454,1.65314,1.54445,1.63598,1.554266,2072636.0
2015-05-26,1.65314,1.6989,1.63026,1.68746,1.603174,744278.0
2015-05-27,1.65314,1.70462,1.64742,1.6588599999999998,1.576003,769428.0
2015-05-28,1.69318,1.74466,1.69318,1.74466,1.657517,922477.0
2015-05-29,1.7389400000000002,1.7732599999999998,1.72178,1.74466,1.657517,1324162.0
2015-06-01,1.74466,1.7732599999999998,1.6817400000000002,1.68746,1.603174,1838976.0
2015-06-02,1.71606,1.73322,1.63598,1.63598,1.554266,1248287.0
2015-06-03,1.61882,1.62454,1.5845,1.6131,1.532529,1342431.0
2015-06-04,1.62454,1.68746,1.59022,1.6131,1.532529,1008633.0
2015-06-05,1.63026,1.6846,1.6131,1.65314,1.570568,1716152.0
2015-06-09,1.65314,1.6989,1.65314,1.6817400000000002,1.59774,1315732.0
2015-06-10,1.68746,1.6989,1.66458,1.68746,1.603174,1532823.0
2015-06-11,1.69318,1.75324,1.69318,1.74466,1.657517,1584968.0
2015-06-12,1.7275,1.73322,1.7103400000000002,1.7275,1.641214,429781.0
2015-06-15,1.71606,1.7503799999999998,1.69318,1.74466,1.657517,631714.0
2015-06-16,1.74466,1.7503799999999998,1.71606,1.7503799999999998,1.662952,859794.0
2015-06-17,1.7503799999999998,1.7561,1.69318,1.73322,1.6466490000000005,929349.0
2015-06-18,1.70462,1.7561,1.6989,1.7103400000000002,1.624912,1147317.0
2015-06-19,1.73322,1.76754,1.7103400000000002,1.7618200000000002,1.67382,2988005.0
2015-06-22,1.74466,2.00207,1.74466,1.96203,1.86403,1596313.0
2015-06-23,1.93915,1.93915,1.85334,1.88767,1.793384,621564.0
2015-06-24,1.87623,1.91055,1.84762,1.90483,1.809687,612091.0
2015-06-25,1.88195,1.93343,1.8705,1.90483,1.809687,727027.0
2015-06-26,1.87623,1.93915,1.87623,1.93915,1.842293,1051054.0
2015-06-29,1.92199,1.92771,1.8419,1.92771,1.831424,727692.0
2015-06-30,1.88195,1.91627,1.83618,1.84762,1.755335,1181214.0
2015-07-01,1.83618,1.91627,1.83618,1.85906,1.766203,1342985.0
2015-07-02,1.86478,1.87623,1.84476,1.85906,1.766203,601710.0
2015-07-03,1.8419,1.84762,1.79614,1.8247400000000005,1.733597,564321.0
2015-07-06,1.80186,1.8247400000000005,1.77898,1.80758,1.717294,447019.0
2015-07-07,1.80758,1.83618,1.7990000000000002,1.81902,1.728163,1556619.0
2015-07-08,1.80186,1.80758,1.77898,1.7847,1.695557,358627.0
2015-07-09,1.76754,1.8133,1.7561,1.8133,1.7227290000000002,469141.0
2015-07-10,1.7847,1.79614,1.7389400000000002,1.7561,1.668386,629585.0
2015-07-13,1.76754,1.76754,1.69318,1.69318,1.608609,1321244.0
2015-07-14,1.7503799999999998,1.7503799999999998,1.69318,1.6989,1.614043,591025.0
2015-07-15,1.7103400000000002,1.7618200000000002,1.7103400000000002,1.74466,1.657517,626228.0
2015-07-16,1.7561,1.7561,1.7275,1.7275,1.641214,627045.0
2015-07-17,1.74466,1.74466,1.69032,1.71606,1.630346,1545712.0
2015-07-20,1.71606,1.72178,1.6817400000000002,1.68746,1.603174,674041.0
2015-07-21,1.70462,1.70462,1.6417,1.66458,1.581437,1269416.0
2015-07-22,1.66458,1.66458,1.63598,1.64742,1.565134,554890.0
2015-07-23,1.65314,1.67602,1.63026,1.65314,1.570568,1557376.0
2015-07-24,1.6417,1.65314,1.63026,1.63598,1.554266,378763.0
2015-07-27,1.63026,1.6417,1.62454,1.6417,1.5597,184265.0
2015-07-28,1.6131,1.6417,1.57305,1.5845,1.505357,1184511.0
2015-07-29,1.61882,1.6417,1.57877,1.59594,1.516226,647934.0
2015-07-30,1.61882,1.65314,1.60166,1.63598,1.554266,1191473.0
2015-07-31,1.6588599999999998,1.6703,1.63598,1.6417,1.5597,533495.0
2015-08-03,1.66458,1.70462,1.6417,1.64742,1.565134,266877.0
2015-08-04,1.6417,1.6817400000000002,1.6417,1.6703,1.586871,391639.0
2015-08-05,1.6703,1.67602,1.64742,1.66458,1.581437,217947.0
2015-08-06,1.67602,1.67602,1.60738,1.6131,1.532529,817590.0
2015-08-07,1.57305,1.60738,1.57305,1.5845,1.505357,839619.0
2015-08-10,1.5845,1.6131,1.57877,1.60738,1.527094,285209.0
2015-08-11,1.62454,1.62454,1.5845,1.59022,1.510791,241957.0
2015-08-12,1.59022,1.61882,1.57305,1.59022,1.510791,422253.0
2015-08-13,1.60166,1.63026,1.5845,1.5845,1.505357,802860.0
2015-08-14,1.60166,1.60738,1.55017,1.57305,1.494479,444415.0
2015-08-17,1.59022,1.6131,1.5845,1.59022,1.510791,277760.0
2015-08-18,1.59022,1.59022,1.48153,1.48153,1.40753,1289086.0
2015-08-19,1.51013,1.51013,1.44149,1.4643700000000002,1.391227,1225881.0
2015-08-20,1.45865,1.47009,1.43577,1.45865,1.385793,1622713.0
2015-08-21,1.44149,1.47581,1.42433,1.4643700000000002,1.391227,1447985.0
2015-08-24,1.43005,1.47581,1.42433,1.43005,1.358621,1552887.0
2015-08-25,1.37857,1.55589,1.37857,1.55589,1.478176,897320.0
2015-08-26,1.51013,1.5845,1.49869,1.57305,1.494479,413078.0
2015-08-27,1.59594,1.6588599999999998,1.57305,1.62454,1.543397,344871.0
2015-08-28,1.65314,1.65314,1.59022,1.62454,1.543397,464547.0
2015-08-31,1.60738,1.63598,1.57305,1.59594,1.516226,751455.0
2015-09-01,1.55017,1.57877,1.49297,1.49869,1.423833,923365.0
2015-09-02,1.47581,1.49297,1.44435,1.47009,1.396662,612682.0
2015-09-03,1.48153,1.51585,1.40145,1.40145,1.33145,744317.0
2015-09-04,1.36141,1.38429,1.29276,1.31565,1.31565,797568.0
2015-09-07,1.32709,1.36713,1.31565,1.3213700000000002,1.3213700000000002,828492.0
2015-09-08,1.34997,1.39001,1.3213700000000002,1.37285,1.37285,474043.0
2015-09-09,1.40145,1.41861,1.36713,1.39573,1.39573,768692.0
2015-09-10,1.37285,1.41289,1.35569,1.40145,1.40145,892098.0
2015-09-11,1.41289,1.44149,1.39001,1.43005,1.43005,474870.0
2015-09-14,1.55589,1.66458,1.55589,1.6588599999999998,1.6588599999999998,1412897.0
2015-09-15,1.6588599999999998,1.6817400000000002,1.63598,1.6588599999999998,1.6588599999999998,1528151.0
2015-09-16,1.67602,1.6989,1.6588599999999998,1.6989,1.6989,1114507.0
2015-09-17,1.7561,1.7561,1.66458,1.67602,1.67602,875048.0
2015-09-18,1.66458,1.70462,1.66172,1.70462,1.70462,945139.0
2015-09-21,1.70462,1.70748,1.65314,1.6703,1.6703,456100.0
2015-09-22,1.69318,1.6989,1.6703,1.68746,1.68746,399306.0
2015-09-23,1.66458,1.69318,1.6588599999999998,1.68746,1.68746,486116.0
2015-09-24,1.69318,1.7103400000000002,1.66458,1.7103400000000002,1.7103400000000002,259662.0
2015-09-25,1.6989,1.7103400000000002,1.67602,1.69318,1.69318,354318.0
2015-09-28,1.6703,1.7103400000000002,1.66458,1.7103400000000002,1.7103400000000002,223641.0
2015-09-29,1.6588599999999998,1.68746,1.65314,1.66458,1.66458,791943.0
2015-09-30,1.6417,1.6703,1.61882,1.6417,1.6417,731831.0
2015-10-01,1.60738,1.68746,1.60738,1.68746,1.68746,326571.0
2015-10-02,1.67602,1.6817400000000002,1.6588599999999998,1.6588599999999998,1.6588599999999998,329737.0
2015-10-04,1.66458,1.69318,1.6588599999999998,1.69318,1.69318,224941.0
2015-10-05,1.6989,1.7103400000000002,1.67602,1.7103400000000002,1.7103400000000002,348231.0
2015-10-06,1.7103400000000002,1.7103400000000002,1.6817400000000002,1.6989,1.6989,508842.0
2015-10-07,1.6989,1.71606,1.68746,1.69318,1.69318,597848.0
2015-10-08,1.69318,1.7275,1.69032,1.71606,1.71606,572360.0
2015-10-11,1.71606,1.7275,1.68746,1.68746,1.68746,313538.0
2015-10-12,1.7732599999999998,1.7732599999999998,1.66458,1.67602,1.67602,591911.0
2015-10-13,1.6588599999999998,1.68746,1.63026,1.63026,1.63026,446542.0
2015-10-14,1.60738,1.6703,1.60738,1.61882,1.61882,185974.0
2015-10-15,1.61882,1.65314,1.61024,1.6131,1.6131,561248.0
2015-10-18,1.74466,1.79614,1.7275,1.7389400000000002,1.7389400000000002,1113155.0
2015-10-19,1.7503799999999998,1.7847,1.7389400000000002,1.7847,1.7847,1296693.0
2015-10-20,1.7561,1.80186,1.7561,1.80186,1.80186,453981.0
2015-10-21,1.79042,1.79614,1.7503799999999998,1.7847,1.7847,2699782.0
2015-10-22,1.79042,1.83046,1.7847,1.81902,1.81902,419435.0
2015-10-25,1.83046,1.83046,1.80186,1.8133,1.8133,543576.0
2015-10-26,1.80758,1.8133,1.7389400000000002,1.7503799999999998,1.7503799999999998,513215.0
2015-10-27,1.7561,1.7561,1.72178,1.73322,1.73322,432550.0
2015-10-28,1.74466,1.7847,1.7275,1.74466,1.74466,421935.0
2015-10-29,1.71606,1.7503799999999998,1.6989,1.7503799999999998,1.7503799999999998,738695.0
2015-11-01,1.74466,1.8419,1.74466,1.80758,1.80758,459956.0
2015-11-02,1.76754,1.88195,1.74466,1.8705,1.8705,452164.0
2015-11-03,1.8705,1.96775,1.83618,1.88195,1.88195,799353.0
2015-11-04,1.88767,1.91055,1.83046,1.90483,1.90483,349075.0
2015-11-05,1.89339,1.91627,1.87623,1.90483,1.90483,517791.0
2015-11-08,1.88195,1.89339,1.79614,1.79614,1.79614,639558.0
2015-11-09,1.7732599999999998,1.79614,1.74466,1.76754,1.76754,682496.0
2015-11-10,1.7732599999999998,1.7732599999999998,1.6989,1.7275,1.7275,878487.0
2015-11-11,1.69318,1.7275,1.67602,1.69318,1.69318,397243.0
2015-11-12,1.6817400000000002,1.74466,1.65314,1.74466,1.74466,780637.0
2015-11-15,1.71606,1.76754,1.70462,1.74466,1.74466,649925.0
2015-11-16,1.77898,1.77898,1.6417,1.76754,1.76754,658007.0
2015-11-17,1.7618200000000002,1.7618200000000002,1.7103400000000002,1.74466,1.74466,550420.0
2015-11-18,1.7503799999999998,1.7503799999999998,1.68746,1.71606,1.71606,607218.0
2015-11-19,1.72178,1.7389400000000002,1.69318,1.7275,1.7275,367019.0
2015-11-22,1.72178,1.7503799999999998,1.71606,1.7503799999999998,1.7503799999999998,198872.0
2015-11-23,1.74466,1.7503799999999998,1.7103400000000002,1.7275,1.7275,372588.0
2015-11-24,1.7275,1.7275,1.7275,1.7275,1.7275,0.0
2015-11-25,1.7275,1.7275,1.7275,1.7275,1.7275,0.0
2015-11-26,1.7275,1.7275,1.7275,1.7275,1.7275,0.0
2015-11-29,1.7275,1.7275,1.7275,1.7275,1.7275,0.0
2015-11-30,1.7275,1.7275,1.7275,1.7275,1.7275,0.0
2015-12-01,1.7247599999999998,1.7247599999999998,1.11602,1.23197,1.23197,2464033.0
2015-12-02,1.21748,1.56533,1.21023,1.30082,1.30082,2601565.0
2015-12-03,1.26458,1.26821,1.21748,1.25009,1.25009,1292720.0
2015-12-06,1.25734,1.33343,1.21748,1.23922,1.23922,1037814.0
2015-12-07,1.22835,1.23197,1.17037,1.18124,1.18124,969903.0
2015-12-08,1.1595,1.1595,1.0508,1.0979,1.0979,942268.0
2015-12-09,1.0979,1.10878,1.06167,1.07616,1.07616,1258859.0
2015-12-10,1.07616,1.07616,0.91673,0.98195,0.98195,1183940.0
2015-12-13,0.96746,1.03993,0.9421,0.98558,0.98558,864846.0
2015-12-14,0.99282,1.0326799999999998,0.95659,0.96746,0.96746,671460.0
2015-12-15,1.01457,1.04718,0.90949,0.98558,0.98558,1248029.0
2015-12-16,1.02181,1.03631,0.98195,0.99282,0.99282,1105741.0
2015-12-17,0.98195,1.00007,0.94934,0.97833,0.97833,6243797.0
2015-12-20,0.98558,1.01094,0.94572,0.97833,0.97833,723708.0
2015-12-21,0.94572,0.96384,0.91311,0.93123,0.93123,954222.0
2015-12-22,0.9276,0.93847,0.92036,0.92398,0.92398,795667.0
2015-12-23,0.91673,0.92036,0.8587600000000001,0.90586,0.90586,1487847.0
2015-12-27,0.90586,0.90586,0.90586,0.90586,0.90586,0.0
2015-12-28,0.8986200000000001,0.92036,0.8696299999999999,0.92036,0.92036,887848.0
2015-12-29,0.8841200000000001,0.91311,0.87687,0.8841200000000001,0.8841200000000001,891172.0
2015-12-30,0.90224,0.90224,0.8370200000000001,0.8406399999999999,0.8406399999999999,712774.0
2016-01-03,0.866,0.8986200000000001,0.85151,0.87687,0.87687,1105164.0
2016-01-04,0.8696299999999999,0.8696299999999999,0.82615,0.8587600000000001,0.8587600000000001,1037768.0
2016-01-05,0.8623799999999999,0.8623799999999999,0.83339,0.84426,0.84426,299942.0
2016-01-06,0.8478899999999999,0.85513,0.8044100000000001,0.82615,0.82615,902912.0
2016-01-07,0.82252,0.84426,0.80803,0.83339,0.83339,776610.0
2016-01-10,0.83339,0.85151,0.80948,0.82615,0.82615,610134.0
2016-01-11,0.8297700000000001,0.83339,0.81165,0.81528,0.81528,441266.0
2016-01-12,0.8297700000000001,0.83339,0.8044100000000001,0.81528,0.81528,633235.0
2016-01-13,0.81165,0.8623799999999999,0.7971600000000001,0.84426,0.84426,928505.0
2016-01-14,0.83339,0.83339,0.80078,0.81165,0.81165,471101.0
2016-01-17,0.81165,0.81528,0.76817,0.77179,0.77179,910610.0
2016-01-18,0.77904,0.77904,0.7428100000000001,0.76455,0.76455,415737.0
2016-01-19,0.74643,0.76817,0.7391800000000001,0.74643,0.74643,778700.0
2016-01-20,0.74643,0.7609199999999999,0.7391800000000001,0.74643,0.74643,1202680.0
2016-01-21,0.75368,0.7971600000000001,0.7319399999999999,0.7935399999999999,0.7935399999999999,404729.0
2016-01-24,0.7971600000000001,0.80078,0.7391800000000001,0.7428100000000001,0.7428100000000001,687979.0
2016-01-26,0.74643,0.74643,0.70295,0.71382,0.71382,686120.0
2016-01-27,0.72831,0.72831,0.70295,0.70657,0.70657,402803.0
2016-01-28,0.71382,0.71744,0.6775800000000001,0.68121,0.68121,806439.0
2016-01-31,0.68121,0.78991,0.68121,0.7862899999999999,0.7862899999999999,712294.0
2016-02-01,0.76817,0.78266,0.7391800000000001,0.74643,0.74643,623932.0
2016-02-02,0.75368,0.75368,0.6957,0.70295,0.70295,591604.0
2016-02-03,0.72107,0.75368,0.7102,0.75368,0.75368,287214.0
2016-02-04,0.74643,0.74643,0.70657,0.70657,0.70657,622530.0
2016-02-07,0.72469,0.75005,0.71382,0.73556,0.73556,143908.0
2016-02-08,0.72469,0.7391800000000001,0.69933,0.7102,0.7102,445795.0
2016-02-09,0.70295,0.7102,0.65947,0.66671,0.66671,770161.0
2016-02-10,0.66671,0.70295,0.66671,0.67396,0.67396,523494.0
2016-02-11,0.67396,0.70295,0.66309,0.6957,0.6957,764021.0
2016-02-14,0.72469,0.7609199999999999,0.6957,0.7609199999999999,0.7609199999999999,492492.0
2016-02-15,0.7609199999999999,0.76817,0.73556,0.7391800000000001,0.7391800000000001,204813.0
2016-02-16,0.7609199999999999,0.78991,0.7391800000000001,0.74643,0.74643,392684.0
2016-02-17,0.78991,0.85513,0.7573,0.8370200000000001,0.8370200000000001,365424.0
2016-02-18,0.8478899999999999,0.8478899999999999,0.77542,0.78266,0.78266,351048.0
2016-02-21,0.78991,0.81528,0.77542,0.7935399999999999,0.7935399999999999,278166.0
2016-02-22,0.8044100000000001,0.82615,0.7391800000000001,0.7971600000000001,0.7971600000000001,1131922.0
2016-02-23,0.7971600000000001,0.8312200000000001,0.7935399999999999,0.82252,0.82252,316923.0
2016-02-24,0.82615,0.82615,0.77904,0.82615,0.82615,498235.0
2016-02-25,0.82615,0.83339,0.81165,0.81528,0.81528,122556.0
2016-02-28,0.81528,0.8623799999999999,0.7971600000000001,0.8044100000000001,0.8044100000000001,478488.0
2016-02-29,0.78266,0.82252,0.7609199999999999,0.78266,0.78266,325003.0
2016-03-01,0.7971600000000001,0.8406399999999999,0.7971600000000001,0.8406399999999999,0.8406399999999999,404955.0
2016-03-02,0.8587600000000001,0.8696299999999999,0.80803,0.8370200000000001,0.8370200000000001,429904.0
2016-03-03,0.8478899999999999,0.87325,0.8406399999999999,0.8696299999999999,0.8696299999999999,287675.0
2016-03-06,0.8913700000000001,1.00007,0.8841200000000001,0.96021,0.96021,604733.0
2016-03-07,0.95659,0.97108,0.92398,0.92398,0.92398,238076.0
2016-03-08,0.93485,0.96021,0.90586,0.96021,0.96021,193996.0
2016-03-09,0.96021,1.01457,0.94934,1.01457,1.01457,373211.0
2016-03-10,0.98558,1.01457,0.95297,0.99282,0.99282,314253.0
2016-03-13,0.97108,0.97833,0.90586,0.90586,0.90586,559002.0
2016-03-14,0.9421,0.9421,0.8587600000000001,0.88774,0.88774,234436.0
2016-03-15,0.8913700000000001,0.89499,0.8623799999999999,0.8696299999999999,0.8696299999999999,582989.0
2016-03-16,0.87687,0.8913700000000001,0.8587600000000001,0.8587600000000001,0.8587600000000001,276714.0
2016-03-17,0.8587600000000001,0.8623799999999999,0.7971600000000001,0.83339,0.83339,1745854.0
2016-03-20,0.81165,0.85151,0.80803,0.8406399999999999,0.8406399999999999,182314.0
2016-03-21,0.8478899999999999,0.8478899999999999,0.8044100000000001,0.8189,0.8189,446510.0
2016-03-22,0.8189,0.8370200000000001,0.8189,0.8189,0.8189,113168.0
2016-03-23,0.8189,0.8189,0.78266,0.81165,0.81165,243794.0
2016-03-28,0.8189,0.8370200000000001,0.7971600000000001,0.81165,0.81165,167654.0
2016-03-29,0.80803,0.8189,0.78266,0.81165,0.81165,206844.0
2016-03-30,0.82615,0.82615,0.7971600000000001,0.81165,0.81165,366852.0
2016-03-31,0.81528,0.81528,0.7862899999999999,0.78991,0.78991,131086.0
2016-04-04,0.7862899999999999,0.7935399999999999,0.7609199999999999,0.7609199999999999,0.7609199999999999,340935.0
2016-04-05,0.76455,0.76817,0.73556,0.73556,0.73556,302912.0
2016-04-06,0.7319399999999999,0.76455,0.72831,0.7319399999999999,0.7319399999999999,529370.0
2016-04-07,0.72469,0.7609199999999999,0.71382,0.75005,0.75005,649646.0
2016-04-08,0.75368,0.7862899999999999,0.7319399999999999,0.76817,0.76817,470539.0
2016-04-11,0.76817,0.76817,0.72831,0.75005,0.75005,119464.0
2016-04-12,0.7428100000000001,0.75005,0.7391800000000001,0.7391800000000001,0.7391800000000001,138510.0
2016-04-13,0.76817,0.8044100000000001,0.74643,0.8044100000000001,0.8044100000000001,297138.0
2016-04-14,0.8044100000000001,0.83339,0.7971600000000001,0.8044100000000001,0.8044100000000001,378831.0
2016-04-15,0.8044100000000001,0.82615,0.80078,0.81165,0.81165,148355.0
2016-04-18,0.8189,0.8696299999999999,0.77904,0.7971600000000001,0.7971600000000001,647857.0
2016-04-19,0.7971600000000001,0.82615,0.7971600000000001,0.82615,0.82615,118149.0
2016-04-20,0.81165,0.86021,0.7971600000000001,0.7971600000000001,0.7971600000000001,369362.0
2016-04-21,0.8044100000000001,0.85513,0.7971600000000001,0.8044100000000001,0.8044100000000001,374737.0
2016-04-22,0.8044100000000001,0.8370200000000001,0.78991,0.8044100000000001,0.8044100000000001,389554.0
2016-04-26,0.82615,0.82615,0.78266,0.8044100000000001,0.8044100000000001,205968.0
2016-04-27,0.8044100000000001,0.81165,0.77542,0.77542,0.77542,317435.0
2016-04-28,0.78266,0.80803,0.77904,0.8044100000000001,0.8044100000000001,179023.0
2016-04-29,0.7971600000000001,0.82615,0.78266,0.8044100000000001,0.8044100000000001,249758.0
2016-05-02,0.60512,0.7319399999999999,0.60149,0.6884600000000001,0.6884600000000001,1427650.0
2016-05-03,0.70295,0.71744,0.65222,0.68121,0.68121,778735.0
2016-05-04,0.66671,0.6775800000000001,0.66309,0.67396,0.67396,475616.0
2016-05-05,0.66671,0.6775800000000001,0.66309,0.67396,0.67396,330587.0
2016-05-06,0.67396,0.68121,0.66671,0.68121,0.68121,533743.0
2016-05-09,0.67396,0.68483,0.6703399999999999,0.68121,0.68121,464911.0
2016-05-10,0.68121,0.68121,0.65222,0.65584,0.65584,380919.0
2016-05-11,0.66671,0.6775800000000001,0.65222,0.65947,0.65947,307289.0
2016-05-12,0.68121,0.68121,0.65222,0.65947,0.65947,247930.0
2016-05-13,0.65947,0.67396,0.6449699999999999,0.6449699999999999,0.6449699999999999,470797.0
2016-05-16,0.66671,0.66671,0.6486,0.66671,0.66671,206734.0
2016-05-17,0.66671,0.6775800000000001,0.65222,0.6703399999999999,0.6703399999999999,808339.0
2016-05-18,0.67396,0.68121,0.6703399999999999,0.6775800000000001,0.6775800000000001,637779.0
2016-05-19,0.6775800000000001,0.68121,0.6703399999999999,0.67396,0.67396,673632.0
2016-05-20,0.68121,0.68121,0.66671,0.68121,0.68121,622455.0
2016-05-23,0.68121,0.68483,0.65584,0.68121,0.68121,554524.0
2016-05-24,0.6775800000000001,0.6775800000000001,0.65222,0.66671,0.66671,159677.0
2016-05-25,0.65584,0.67396,0.63773,0.65947,0.65947,457502.0
2016-05-26,0.66309,0.67396,0.65947,0.67396,0.67396,178460.0
2016-05-27,0.67396,0.68121,0.66671,0.6775800000000001,0.6775800000000001,319548.0
2016-05-30,0.68121,0.68483,0.6703399999999999,0.68121,0.68121,715483.0
2016-05-31,0.6775800000000001,0.69208,0.6645399999999999,0.68121,0.68121,3984594.0
2016-06-01,0.6884600000000001,0.6884600000000001,0.65584,0.67396,0.67396,165806.0
2016-06-02,0.67396,0.67396,0.67396,0.67396,0.67396,0.0
2016-06-03,0.67396,0.67396,0.67396,0.67396,0.67396,0.0
2016-06-06,0.745,0.745,0.54,0.575,0.575,2004617.0
2016-06-07,0.56,0.57,0.535,0.57,0.57,907604.0
2016-06-08,0.56,0.575,0.55,0.555,0.555,350208.0
2016-06-09,0.55,0.56,0.52,0.525,0.525,448551.0
2016-06-10,0.525,0.525,0.475,0.48,0.48,1082968.0
2016-06-14,0.47,0.485,0.465,0.465,0.465,550123.0
2016-06-15,0.48,0.495,0.45,0.495,0.495,1235498.0
2016-06-16,0.475,0.515,0.47,0.495,0.495,478084.0
2016-06-17,0.5,0.52,0.49,0.52,0.52,1653008.0
2016-06-20,0.525,0.54,0.505,0.54,0.54,706269.0
2016-06-21,0.55,0.565,0.522,0.525,0.525,362114.0
2016-06-22,0.53,0.55,0.525,0.55,0.55,261858.0
2016-06-23,0.56,0.565,0.52,0.525,0.525,1963544.0
2016-06-24,0.53,0.53,0.485,0.485,0.485,1355843.0
2016-06-27,0.475,0.48,0.44,0.47,0.47,1373952.0
2016-06-28,0.465,0.51,0.445,0.51,0.51,1466287.0
2016-06-29,0.51,0.57,0.51,0.56,0.56,542758.0
2016-06-30,0.56,0.562,0.535,0.545,0.545,331827.0
2016-07-01,0.57,0.58,0.55,0.58,0.58,392288.0
2016-07-04,0.59,0.615,0.58,0.59,0.59,278911.0
2016-07-05,0.6,0.625,0.59,0.6,0.6,436317.0
2016-07-06,0.6,0.6,0.57,0.58,0.58,113960.0
2016-07-07,0.58,0.605,0.565,0.565,0.565,308538.0
2016-07-08,0.56,0.585,0.555,0.56,0.56,52065.0
2016-07-11,0.5670000000000001,0.575,0.56,0.56,0.56,465415.0
2016-07-12,0.57,0.595,0.57,0.595,0.595,288928.0
2016-07-13,0.595,0.605,0.58,0.595,0.595,78722.0
2016-07-14,0.605,0.605,0.585,0.595,0.595,63965.0
2016-07-15,0.595,0.62,0.575,0.6,0.6,1285040.0
2016-07-18,0.6,0.63,0.6,0.6,0.6,309051.0
2016-07-19,0.63,0.63,0.59,0.6,0.6,259365.0
2016-07-20,0.61,0.615,0.58,0.6,0.6,177204.0
2016-07-21,0.59,0.595,0.585,0.585,0.585,151665.0
2016-07-22,0.58,0.605,0.575,0.575,0.575,114437.0
2016-07-25,0.59,0.595,0.575,0.595,0.595,126879.0
2016-07-26,0.59,0.59,0.575,0.59,0.59,213516.0
2016-07-27,0.585,0.59,0.55,0.55,0.55,425081.0
2016-07-28,0.56,0.59,0.555,0.575,0.575,145266.0
2016-07-29,0.575,0.575,0.56,0.575,0.575,76136.0
2016-08-01,0.565,0.575,0.565,0.575,0.575,90055.0
2016-08-02,0.58,0.59,0.575,0.585,0.585,147946.0
2016-08-03,0.58,0.58,0.57,0.575,0.575,93764.0
2016-08-04,0.575,0.585,0.57,0.585,0.585,263670.0
2016-08-05,0.58,0.62,0.57,0.6,0.6,643696.0
2016-08-08,0.6,0.605,0.58,0.58,0.58,264541.0
2016-08-09,0.61,0.61,0.585,0.59,0.59,235649.0
2016-08-10,0.6,0.6,0.585,0.59,0.59,48436.0
2016-08-11,0.605,0.605,0.59,0.59,0.59,32545.0
2016-08-12,0.605,0.61,0.595,0.605,0.605,119386.0
2016-08-15,0.6,0.615,0.6,0.605,0.605,91545.0
2016-08-16,0.615,0.615,0.6,0.605,0.605,227172.0
2016-08-17,0.6,0.62,0.6,0.61,0.61,314371.0
2016-08-18,0.625,0.695,0.61,0.695,0.695,704182.0
2016-08-19,0.735,0.81,0.725,0.725,0.725,1573201.0
2016-08-22,0.74,0.79,0.74,0.76,0.76,404656.0
2016-08-23,0.77,0.77,0.725,0.745,0.745,2844424.0
2016-08-24,0.75,0.77,0.74,0.77,0.77,263853.0
2016-08-25,0.77,0.77,0.745,0.75,0.75,286968.0
2016-08-26,0.77,0.775,0.745,0.75,0.75,139007.0
2016-08-29,0.75,0.775,0.705,0.725,0.725,1713950.0
2016-08-30,0.725,0.775,0.725,0.775,0.775,874685.0
2016-08-31,0.74,0.775,0.74,0.765,0.765,238491.0
2016-09-01,0.765,0.78,0.76,0.77,0.77,204980.0
2016-09-02,0.75,0.78,0.75,0.77,0.77,112451.0
2016-09-05,0.77,0.79,0.765,0.77,0.77,171545.0
2016-09-06,0.77,0.835,0.765,0.835,0.835,377713.0
2016-09-07,0.83,0.835,0.8,0.82,0.82,110929.0
2016-09-08,0.82,0.835,0.77,0.77,0.77,194494.0
2016-09-09,0.78,0.78,0.765,0.775,0.775,476464.0
2016-09-12,0.76,0.81,0.757,0.805,0.805,232346.0
2016-09-13,0.82,0.83,0.78,0.78,0.78,117296.0
2016-09-14,0.78,0.785,0.76,0.76,0.76,671592.0
2016-09-15,0.775,0.78,0.76,0.765,0.765,321560.0
2016-09-16,0.775,0.815,0.775,0.81,0.81,532455.0
2016-09-19,0.815,0.82,0.79,0.79,0.79,95742.0
2016-09-20,0.8,0.81,0.79,0.81,0.81,203274.0
2016-09-21,0.805,0.877,0.8,0.855,0.855,326676.0
2016-09-22,0.875,0.885,0.82,0.865,0.865,328301.0
2016-09-23,0.865,0.865,0.84,0.86,0.86,98258.0
2016-09-26,0.86,0.87,0.84,0.87,0.87,172185.0
2016-09-27,0.84,0.87,0.84,0.85,0.85,129996.0
2016-09-28,0.845,0.87,0.84,0.87,0.87,245668.0
2016-09-29,0.88,0.91,0.85,0.91,0.91,397410.0
2016-09-30,0.9,0.9,0.865,0.9,0.9,143993.0
2016-10-02,0.9,0.915,0.895,0.895,0.895,181838.0
2016-10-03,0.915,0.92,0.87,0.875,0.875,214956.0
2016-10-04,0.88,0.91,0.87,0.87,0.87,270242.0
2016-10-05,0.875,0.905,0.87,0.87,0.87,83519.0
2016-10-06,0.88,0.9,0.87,0.88,0.88,194864.0
2016-10-09,0.89,0.93,0.865,0.93,0.93,455740.0
2016-10-10,0.91,1.04,0.91,1.04,1.04,601770.0
2016-10-11,1.02,1.12,1.02,1.12,1.12,585190.0
2016-10-12,1.12,1.25,1.1,1.18,1.18,1228323.0
2016-10-13,1.23,1.235,1.182,1.19,1.19,665413.0
2016-10-16,1.2,1.2,1.115,1.13,1.13,633315.0
2016-10-17,1.115,1.125,1.035,1.035,1.035,1527515.0
2016-10-18,1.05,1.095,1.05,1.085,1.085,1232610.0
2016-10-19,1.1,1.13,1.04,1.055,1.055,224724.0
2016-10-20,1.05,1.145,1.05,1.105,1.105,453239.0
2016-10-23,1.11,1.11,1.08,1.09,1.09,252048.0
2016-10-24,1.08,1.095,1.06,1.06,1.06,296620.0
2016-10-25,1.06,1.11,1.06,1.09,1.09,405222.0
2016-10-26,1.07,1.075,0.892,0.9,0.9,1287262.0
2016-10-27,0.845,0.97,0.845,0.94,0.94,923947.0
2016-10-30,0.935,0.94,0.91,0.925,0.925,342622.0
2016-10-31,0.92,0.925,0.915,0.925,0.925,111583.0
2016-11-01,0.92,0.95,0.92,0.93,0.93,169077.0
2016-11-02,0.945,0.965,0.932,0.955,0.955,166688.0
2016-11-03,0.96,0.985,0.94,0.97,0.97,389219.0
2016-11-06,0.975,0.99,0.945,0.965,0.965,294057.0
2016-11-07,0.98,0.982,0.96,0.98,0.98,71145.0
2016-11-08,0.97,0.97,0.845,0.895,0.895,419716.0
2016-11-09,0.965,1.02,0.95,1.015,1.015,447032.0
2016-11-10,1.015,1.02,0.98,1.01,1.01,306162.0
2016-11-13,1.01,1.03,1.0,1.02,1.02,99254.0
2016-11-14,1.04,1.05,1.025,1.05,1.05,781885.0
2016-11-15,1.05,1.1,1.035,1.05,1.05,2020441.0
2016-11-16,1.04,1.06,1.03,1.03,1.03,95938.0
2016-11-17,1.03,1.032,0.985,0.99,0.99,185247.0
2016-11-20,1.005,1.015,0.985,1.01,1.01,400954.0
2016-11-21,1.005,1.01,0.98,0.995,0.995,232830.0
2016-11-22,1.0,1.0,0.985,0.99,0.99,88732.0
2016-11-23,0.995,0.995,0.985,0.985,0.985,410155.0
2016-11-24,0.98,0.98,0.95,0.95,0.95,300119.0
2016-11-27,0.96,0.97,0.955,0.955,0.955,121672.0
2016-11-28,0.965,0.975,0.95,0.96,0.96,151052.0
2016-11-29,0.95,0.98,0.95,0.96,0.96,411282.0
2016-11-30,0.95,0.97,0.95,0.955,0.955,256689.0
2016-12-01,0.965,0.965,0.945,0.95,0.95,413344.0
2016-12-04,0.945,0.955,0.945,0.95,0.95,327164.0
2016-12-05,0.94,0.955,0.94,0.955,0.955,207788.0
2016-12-06,0.95,0.995,0.94,0.955,0.955,268826.0
2016-12-07,0.95,0.985,0.95,0.95,0.95,57027.0
2016-12-08,0.97,0.97,0.95,0.97,0.97,16529.0
2016-12-11,0.97,0.97,0.94,0.94,0.94,201392.0
2016-12-12,0.935,0.95,0.93,0.935,0.935,130131.0
2016-12-13,0.93,0.935,0.905,0.905,0.905,535769.0
2016-12-14,0.91,0.915,0.907,0.91,0.91,90051.0
2016-12-15,0.905,0.955,0.905,0.945,0.945,470326.0
2016-12-18,0.945,0.96,0.945,0.95,0.95,28196.0
2016-12-19,0.945,0.97,0.915,0.955,0.955,103921.0
2016-12-20,0.95,0.975,0.935,0.97,0.97,216660.0
2016-12-21,0.97,0.975,0.945,0.975,0.975,77620.0
2016-12-22,0.975,0.975,0.95,0.95,0.95,52358.0
2016-12-27,0.95,0.975,0.935,0.975,0.975,126090.0
2016-12-28,0.98,0.98,0.945,0.97,0.97,71420.0
2016-12-29,0.94,0.9575,0.94,0.945,0.945,44897.0
2017-01-02,0.95,1.09,0.95,1.045,1.045,386728.0
2017-01-03,1.045,1.045,0.965,0.975,0.975,203096.0
2017-01-04,0.99,1.06,0.99,1.02,1.02,91060.0
2017-01-05,1.015,1.04,1.015,1.04,1.04,36180.0
2017-01-08,1.03,1.045,1.02,1.02,1.02,30987.0
2017-01-09,1.025,1.025,0.985,0.985,0.985,82297.0
2017-01-10,0.985,1.005,0.98,0.995,0.995,33944.0
2017-01-11,0.99,1.08,0.99,1.06,1.06,204259.0
2017-01-12,1.04,1.075,1.04,1.045,1.045,108360.0
2017-01-15,1.045,1.06,1.045,1.06,1.06,39648.0
2017-01-16,1.06,1.06,1.005,1.005,1.005,156187.0
2017-01-17,1.0,1.04,1.0,1.035,1.035,25463.0
2017-01-18,1.005,1.05,1.005,1.01,1.01,25187.0
2017-01-19,1.005,1.03,1.0,1.005,1.005,87899.0
2017-01-22,1.005,1.03,0.98,1.01,1.01,112937.0
2017-01-23,1.02,1.045,1.015,1.03,1.03,167841.0
2017-01-24,1.01,1.045,1.0,1.035,1.035,271808.0
2017-01-26,1.045,1.085,1.04,1.075,1.075,231791.0
2017-01-29,1.075,1.085,1.055,1.075,1.075,1610487.0
2017-01-30,1.08,1.145,1.075,1.135,1.135,920789.0
2017-01-31,1.135,1.23,1.135,1.23,1.23,743673.0
2017-02-01,1.225,1.26,1.205,1.23,1.23,604171.0
2017-02-02,1.21,1.23,1.17,1.18,1.18,240592.0
2017-02-05,1.22,1.23,1.195,1.195,1.195,162890.0
2017-02-06,1.19,1.2,1.185,1.195,1.195,98775.0
2017-02-07,1.2,1.2,1.175,1.175,1.175,190449.0
2017-02-08,1.17,1.18,1.15,1.15,1.15,501588.0
2017-02-09,1.14,1.195,1.13,1.165,1.165,331178.0
2017-02-12,1.165,1.197,1.16,1.16,1.16,162646.0
2017-02-13,1.195,1.195,1.14,1.16,1.16,54516.0
2017-02-14,1.155,1.165,1.14,1.16,1.16,234362.0
2017-02-15,1.16,1.165,1.14,1.165,1.165,260820.0
2017-02-16,1.15,1.195,1.145,1.175,1.175,158318.0
2017-02-19,1.165,1.18,1.16,1.16,1.16,221105.0
2017-02-20,1.16,1.1875,1.155,1.155,1.155,79671.0
2017-02-21,1.17,1.19,1.15,1.175,1.175,87084.0
2017-02-22,1.15,1.175,1.14,1.17,1.17,44751.0
2017-02-23,1.15,1.175,1.145,1.16,1.16,64316.0
2017-02-26,1.165,1.165,1.025,1.05,1.05,362074.0
2017-02-27,1.08,1.18,1.08,1.15,1.15,733152.0
2017-02-28,1.15,1.16,1.125,1.15,1.15,125494.0
2017-03-01,1.15,1.15,1.12,1.135,1.135,96647.0
2017-03-02,1.13,1.15,1.12,1.15,1.15,152257.0
2017-03-05,1.155,1.155,1.125,1.145,1.145,183491.0
2017-03-06,1.135,1.18,1.135,1.18,1.18,371889.0
2017-03-07,1.17,1.2,1.15,1.19,1.19,149383.0
2017-03-08,1.17,1.18,1.16,1.16,1.16,86685.0
2017-03-09,1.16,1.175,1.11,1.15,1.15,115874.0
2017-03-12,1.18,1.18,1.115,1.13,1.13,306173.0
2017-03-13,1.125,1.135,1.12,1.12,1.12,118263.0
2017-03-14,1.12,1.165,1.11,1.135,1.135,49899.0
2017-03-15,1.135,1.167,1.12,1.15,1.15,77590.0
2017-03-16,1.16,1.17,1.145,1.15,1.15,556282.0
2017-03-19,1.15,1.17,1.15,1.16,1.16,1592313.0
2017-03-20,1.16,1.21,1.15,1.195,1.195,3000073.0
2017-03-21,1.19,1.205,1.165,1.165,1.165,799107.0
2017-03-22,1.18,1.2,1.175,1.185,1.185,458509.0
2017-03-23,1.175,1.19,1.17,1.18,1.18,460717.0
2017-03-26,1.18,1.185,1.17,1.18,1.18,459883.0
2017-03-27,1.17,1.2,1.17,1.2,1.2,648643.0
2017-03-28,1.2,1.29,1.195,1.26,1.26,876289.0
2017-03-29,1.27,1.28,1.245,1.27,1.27,704320.0
2017-03-30,1.275,1.31,1.27,1.28,1.28,679442.0
2017-04-03,1.32,1.345,1.3,1.34,1.34,399220.0
2017-04-04,1.385,1.41,1.37,1.41,1.41,876042.0
2017-04-05,1.42,1.44,1.385,1.395,1.395,616129.0
2017-04-06,1.385,1.385,1.345,1.355,1.355,482066.0
2017-04-07,1.38,1.43,1.355,1.4,1.4,376077.0
2017-04-10,1.4,1.4,1.35,1.36,1.36,683133.0
2017-04-11,1.37,1.385,1.35,1.37,1.37,2934240.0
2017-04-12,1.365,1.37,1.33,1.35,1.35,351382.0
2017-04-13,1.365,1.365,1.31,1.32,1.32,320710.0
2017-04-18,1.325,1.33,1.32,1.33,1.33,83840.0
2017-04-19,1.33,1.35,1.315,1.35,1.35,232758.0
2017-04-20,1.34,1.34,1.305,1.32,1.32,390651.0
2017-04-21,1.32,1.34,1.305,1.32,1.32,404582.0
2017-04-24,1.32,1.34,1.317,1.32,1.32,185439.0
2017-04-26,1.32,1.325,1.29,1.315,1.315,254144.0
2017-04-27,1.325,1.34,1.305,1.32,1.32,319770.0
2017-04-28,1.32,1.345,1.315,1.33,1.33,288597.0
2017-05-01,1.325,1.33,1.3,1.31,1.31,194490.0
2017-05-02,1.31,1.32,1.305,1.31,1.31,131229.0
2017-05-03,1.32,1.33,1.31,1.325,1.325,287947.0
2017-05-04,1.32,1.33,1.315,1.325,1.325,350765.0
2017-05-05,1.32,1.38,1.32,1.365,1.365,384076.0
2017-05-08,1.36,1.42,1.35,1.42,1.42,414046.0
2017-05-09,1.425,1.495,1.4,1.48,1.48,488006.0
2017-05-10,1.48,1.495,1.435,1.48,1.48,315520.0
2017-05-11,1.47,1.49,1.455,1.475,1.475,495566.0
2017-05-12,1.495,1.495,1.405,1.43,1.43,225357.0
2017-05-15,1.44,1.44,1.39,1.39,1.39,195262.0
2017-05-16,1.42,1.42,1.345,1.37,1.37,246737.0
2017-05-17,1.37,1.37,1.345,1.36,1.36,142901.0
2017-05-18,1.335,1.35,1.28,1.345,1.345,286098.0
2017-05-19,1.32,1.34,1.315,1.33,1.33,231227.0
2017-05-22,1.31,1.34,1.305,1.33,1.33,221872.0
2017-05-23,1.33,1.38,1.32,1.355,1.355,201958.0
2017-05-24,1.355,1.38,1.35,1.375,1.375,141830.0
2017-05-25,1.37,1.38,1.355,1.37,1.37,107753.0
2017-05-26,1.36,1.375,1.34,1.37,1.37,176136.0
2017-05-29,1.365,1.365,1.32,1.36,1.36,102993.0
2017-05-30,1.3,1.3319999999999999,1.29,1.295,1.295,251138.0
2017-05-31,1.28,1.285,1.2,1.21,1.21,355431.0
2017-06-01,1.205,1.235,1.2,1.215,1.215,210910.0
2017-06-02,1.215,1.27,1.212,1.26,1.26,101573.0
2017-06-05,1.26,1.26,1.195,1.24,1.24,121642.0
2017-06-06,1.24,1.24,1.22,1.22,1.22,135494.0
2017-06-07,1.22,1.25,1.21,1.225,1.225,1318725.0
2017-06-08,1.215,1.25,1.205,1.25,1.25,202433.0
2017-06-09,1.215,1.265,1.215,1.255,1.255,165582.0
2017-06-13,1.2,1.25,1.195,1.22,1.22,352218.0
2017-06-14,1.22,1.23,1.08,1.13,1.13,590967.0
2017-06-15,1.08,1.11,1.06,1.1,1.1,1064011.0
2017-06-16,1.1,1.19,1.1,1.185,1.185,1056982.0
2017-06-19,1.165,1.2,1.16,1.17,1.17,565710.0
2017-06-20,1.175,1.22,1.17,1.22,1.22,799263.0
2017-06-21,1.2,1.225,1.2,1.205,1.205,297311.0
2017-06-22,1.205,1.21,1.18,1.2,1.2,456394.0
2017-06-23,1.21,1.21,1.19,1.2,1.2,110323.0
2017-06-26,1.2,1.215,1.17,1.2,1.2,925834.0
2017-06-27,1.2,1.22,1.19,1.22,1.22,449104.0
2017-06-28,1.185,1.235,1.185,1.215,1.215,130001.0
2017-06-29,1.215,1.245,1.205,1.23,1.23,526626.0
2017-06-30,1.24,1.245,1.207,1.22,1.22,473316.0
2017-07-03,1.23,1.25,1.22,1.23,1.23,85001.0
2017-07-04,1.23,1.25,1.225,1.24,1.24,84306.0
2017-07-05,1.25,1.25,1.215,1.215,1.215,98118.0
2017-07-06,1.215,1.25,1.205,1.235,1.235,103501.0
2017-07-07,1.225,1.245,1.21,1.23,1.23,70981.0
2017-07-10,1.23,1.235,1.18,1.2,1.2,255805.0
2017-07-11,1.2,1.215,1.19,1.195,1.195,1063337.0
2017-07-12,1.2,1.245,1.195,1.24,1.24,1077387.0
2017-07-13,1.21,1.25,1.21,1.25,1.25,26033.0
2017-07-14,1.225,1.25,1.225,1.24,1.24,128136.0
2017-07-17,1.23,1.245,1.23,1.245,1.245,67454.0
2017-07-18,1.245,1.245,1.23,1.23,1.23,27076.0
2017-07-19,1.23,1.24,1.22,1.23,1.23,55780.0
2017-07-20,1.225,1.24,1.22,1.23,1.23,60412.0
2017-07-21,1.23,1.24,1.23,1.23,1.23,42255.0
2017-07-24,1.23,1.24,1.225,1.24,1.24,91929.0
2017-07-25,1.23,1.24,1.23,1.235,1.235,102524.0
2017-07-26,1.23,1.27,1.23,1.24,1.24,220884.0
2017-07-27,1.29,1.29,1.225,1.28,1.28,208014.0
2017-07-28,1.26,1.275,1.2570000000000001,1.265,1.265,93066.0
2017-07-31,1.25,1.265,1.247,1.255,1.255,52419.0
2017-08-01,1.24,1.255,1.23,1.25,1.25,405884.0
2017-08-02,1.245,1.25,1.23,1.25,1.25,53614.0
2017-08-03,1.23,1.25,1.227,1.235,1.235,82154.0
2017-08-04,1.23,1.25,1.17,1.19,1.19,158653.0
2017-08-07,1.19,1.205,1.19,1.2,1.2,147049.0
2017-08-08,1.235,1.235,1.185,1.19,1.19,116763.0
2017-08-09,1.235,1.235,1.19,1.195,1.195,30507.0
2017-08-10,1.195,1.195,1.185,1.195,1.195,119111.0
2017-08-11,1.19,1.19,1.147,1.15,1.15,207796.0
2017-08-14,1.155,1.18,1.14,1.16,1.16,179015.0
2017-08-15,1.135,1.155,1.125,1.135,1.135,218065.0
2017-08-16,1.135,1.18,1.11,1.165,1.165,187860.0
2017-08-17,1.165,1.165,1.14,1.16,1.16,46600.0
2017-08-18,1.175,1.2,1.14,1.16,1.16,261081.0
2017-08-21,1.195,1.325,1.195,1.325,1.325,665772.0
2017-08-22,1.3,1.32,1.25,1.295,1.295,283131.0
2017-08-23,1.3,1.305,1.255,1.305,1.305,277866.0
2017-08-24,1.27,1.315,1.2670000000000001,1.28,1.28,236152.0
2017-08-25,1.285,1.3319999999999999,1.275,1.29,1.29,570475.0
2017-08-28,1.29,1.375,1.29,1.37,1.37,413916.0
2017-08-29,1.37,1.43,1.345,1.41,1.41,456454.0
2017-08-30,1.425,1.465,1.41,1.45,1.45,321376.0
2017-08-31,1.45,1.45,1.39,1.4,1.4,100800.0
2017-09-01,1.425,1.45,1.405,1.42,1.42,353453.0
2017-09-04,1.41,1.45,1.395,1.43,1.43,269531.0
2017-09-05,1.43,1.455,1.43,1.43,1.43,209045.0
2017-09-06,1.43,1.47,1.415,1.47,1.47,483581.0
2017-09-07,1.47,1.47,1.445,1.445,1.445,135267.0
2017-09-08,1.42,1.445,1.42,1.42,1.42,146166.0
2017-09-11,1.425,1.44,1.415,1.44,1.44,101479.0
2017-09-12,1.43,1.455,1.43,1.44,1.44,224631.0
2017-09-13,1.43,1.455,1.41,1.455,1.455,1246869.0
2017-09-14,1.415,1.45,1.415,1.44,1.44,113070.0
2017-09-15,1.45,1.45,1.425,1.45,1.45,916457.0
2017-09-18,1.43,1.465,1.43,1.465,1.465,186262.0
2017-09-19,1.445,1.47,1.442,1.47,1.47,373375.0
2017-09-20,1.45,1.49,1.445,1.49,1.49,505649.0
2017-09-21,1.485,1.495,1.4569999999999999,1.475,1.475,331880.0
2017-09-22,1.49,1.5,1.445,1.47,1.47,59410.0
2017-09-25,1.465,1.475,1.45,1.45,1.45,3464203.0
2017-09-26,1.45,1.45,1.405,1.45,1.45,174210.0
2017-09-27,1.44,1.475,1.43,1.43,1.43,207346.0
2017-09-28,1.43,1.45,1.405,1.435,1.435,42466.0
2017-09-29,1.43,1.44,1.37,1.4,1.4,156023.0
2017-10-01,1.4,1.435,1.38,1.42,1.42,59803.0
2017-10-02,1.425,1.425,1.38,1.38,1.38,15040.0
2017-10-03,1.38,1.395,1.375,1.385,1.385,86034.0
2017-10-04,1.4,1.44,1.38,1.43,1.43,159930.0
2017-10-05,1.42,1.425,1.375,1.385,1.385,743261.0
2017-10-08,1.395,1.4,1.385,1.4,1.4,98341.0
2017-10-09,1.4,1.4,1.38,1.39,1.39,85821.0
2017-10-10,1.395,1.395,1.345,1.355,1.355,156711.0
2017-10-11,1.37,1.37,1.325,1.35,1.35,118839.0
2017-10-12,1.32,1.36,1.32,1.34,1.34,75414.0
2017-10-15,1.33,1.37,1.325,1.37,1.37,108953.0
2017-10-16,1.325,1.365,1.28,1.315,1.315,154994.0
2017-10-17,1.31,1.345,1.3,1.31,1.31,132827.0
2017-10-18,1.31,1.345,1.28,1.345,1.345,115334.0
2017-10-19,1.3,1.345,1.28,1.325,1.325,52577.0
2017-10-22,1.295,1.3,1.285,1.285,1.285,43381.0
2017-10-23,1.285,1.32,1.28,1.29,1.29,76924.0
2017-10-24,1.295,1.38,1.29,1.35,1.35,415102.0
2017-10-25,1.355,1.375,1.27,1.37,1.37,357899.0
2017-10-26,1.4,1.4,1.29,1.39,1.39,318514.0
2017-10-29,1.37,1.38,1.315,1.32,1.32,156159.0
2017-10-30,1.31,1.35,1.31,1.33,1.33,396954.0
2017-10-31,1.33,1.375,1.33,1.35,1.35,646488.0
2017-11-01,1.35,1.385,1.335,1.385,1.385,90844.0
2017-11-02,1.355,1.39,1.355,1.385,1.385,207320.0
2017-11-05,1.385,1.41,1.36,1.38,1.38,157426.0
2017-11-06,1.365,1.41,1.365,1.385,1.385,110431.0
2017-11-07,1.41,1.41,1.38,1.38,1.38,89013.0
2017-11-08,1.39,1.4,1.38,1.38,1.38,242143.0
2017-11-09,1.39,1.435,1.39,1.41,1.41,314124.0
2017-11-12,1.395,1.4,1.39,1.4,1.4,103523.0
2017-11-13,1.39,1.4,1.38,1.38,1.38,699418.0
2017-11-14,1.38,1.39,1.3769999999999998,1.38,1.38,166410.0
2017-11-15,1.37,1.41,1.37,1.38,1.38,124711.0
2017-11-16,1.37,1.415,1.37,1.38,1.38,76612.0
2017-11-19,1.38,1.395,1.3719999999999999,1.38,1.38,162529.0
2017-11-20,1.38,1.395,1.365,1.375,1.375,78571.0
2017-11-21,1.375,1.38,1.36,1.365,1.365,177902.0
2017-11-22,1.36,1.385,1.357,1.37,1.37,595114.0
2017-11-23,1.38,1.39,1.37,1.39,1.39,185296.0
2017-11-26,1.385,1.3969999999999998,1.38,1.38,1.38,144850.0
2017-11-27,1.37,1.42,1.37,1.42,1.42,371864.0
2017-11-28,1.405,1.435,1.4,1.43,1.43,446457.0
2017-11-29,1.43,1.43,1.405,1.405,1.405,231412.0
2017-11-30,1.405,1.412,1.392,1.405,1.405,983046.0
2017-12-03,1.37,1.415,1.37,1.375,1.375,103878.0
2017-12-04,1.38,1.42,1.38,1.4,1.4,174101.0
2017-12-05,1.39,1.42,1.39,1.42,1.42,146416.0
2017-12-06,1.4,1.415,1.4,1.405,1.405,168063.0
2017-12-07,1.4,1.42,1.4,1.42,1.42,18081.0
2017-12-10,1.42,1.42,1.4,1.42,1.42,204438.0
2017-12-11,1.4,1.41,1.39,1.4,1.4,171872.0
2017-12-12,1.405,1.42,1.385,1.4,1.4,823615.0
2017-12-13,1.4,1.425,1.4,1.425,1.425,149662.0
2017-12-14,1.425,1.45,1.405,1.45,1.45,513862.0
2017-12-17,1.42,1.435,1.42,1.425,1.425,284869.0
2017-12-18,1.43,1.43,1.415,1.43,1.43,207132.0
2017-12-19,1.43,1.435,1.42,1.435,1.435,91314.0
2017-12-20,1.435,1.525,1.425,1.49,1.49,376388.0
2017-12-21,1.445,1.47,1.44,1.445,1.445,43029.0
2017-12-26,1.45,1.47,1.445,1.455,1.455,118165.0
2017-12-27,1.455,1.48,1.445,1.455,1.455,107846.0
2017-12-28,1.47,1.48,1.455,1.48,1.48,28415.0
2018-01-01,1.47,1.47,1.455,1.465,1.465,62831.0
2018-01-02,1.455,1.465,1.455,1.455,1.455,24146.0
2018-01-03,1.465,1.48,1.45,1.48,1.48,69300.0
2018-01-04,1.48,1.485,1.47,1.47,1.47,186473.0
2018-01-07,1.47,1.485,1.47,1.475,1.475,47397.0
2018-01-08,1.475,1.48,1.47,1.48,1.48,113522.0
2018-01-09,1.475,1.48,1.47,1.47,1.47,97610.0
2018-01-10,1.47,1.475,1.44,1.46,1.46,157707.0
2018-01-11,1.46,1.48,1.455,1.46,1.46,130946.0
2018-01-14,1.47,1.47,1.455,1.47,1.47,107408.0
2018-01-15,1.47,1.47,1.44,1.465,1.465,128475.0
2018-01-16,1.46,1.48,1.45,1.48,1.48,300476.0
2018-01-17,1.48,1.48,1.44,1.475,1.475,107112.0
2018-01-18,1.47,1.482,1.465,1.475,1.475,121983.0
2018-01-21,1.48,1.48,1.43,1.43,1.43,81613.0
2018-01-22,1.425,1.425,1.35,1.4,1.4,165596.0
2018-01-23,1.395,1.4025,1.38,1.4,1.4,42221.0
2018-01-24,1.395,1.43,1.39,1.405,1.405,43413.0
2018-01-28,1.42,1.42,1.39,1.405,1.405,84002.0
2018-01-29,1.405,1.41,1.39,1.395,1.395,80643.0
2018-01-30,1.39,1.42,1.25,1.33,1.33,327133.0
2018-01-31,1.355,1.365,1.325,1.365,1.365,364435.0
2018-02-01,1.33,1.365,1.327,1.36,1.36,78596.0
2018-02-04,1.35,1.375,1.345,1.375,1.375,144310.0
2018-02-05,1.3,1.35,1.3,1.35,1.35,126850.0
2018-02-06,1.335,1.36,1.33,1.335,1.335,328185.0
2018-02-07,1.325,1.335,1.285,1.285,1.285,167795.0
2018-02-08,1.275,1.28,1.225,1.235,1.235,293372.0
2018-02-11,1.23,1.245,1.23,1.24,1.24,367583.0
2018-02-12,1.23,1.26,1.23,1.23,1.23,238939.0
2018-02-13,1.255,1.255,1.165,1.2,1.2,291733.0
2018-02-14,1.2,1.297,1.185,1.23,1.23,237085.0
2018-02-15,1.285,1.2925,1.235,1.235,1.235,62124.0
2018-02-18,1.315,1.385,1.315,1.38,1.38,337324.0
2018-02-19,1.395,1.475,1.39,1.42,1.42,1656292.0
2018-02-20,1.41,1.42,1.39,1.42,1.42,2516148.0
2018-02-21,1.42,1.425,1.395,1.4,1.4,989157.0
2018-02-22,1.4,1.425,1.395,1.4,1.4,329073.0
2018-02-25,1.43,1.43,1.405,1.42,1.42,1055402.0
2018-02-26,1.41,1.43,1.4,1.42,1.42,119270.0
2018-02-27,1.4,1.42,1.395,1.415,1.415,214237.0
2018-02-28,1.4,1.41,1.39,1.405,1.405,203985.0
2018-03-01,1.39,1.41,1.39,1.4,1.4,124534.0
2018-03-04,1.395,1.41,1.38,1.38,1.38,240871.0
2018-03-05,1.395,1.41,1.395,1.395,1.395,197485.0
2018-03-06,1.405,1.42,1.3969999999999998,1.41,1.41,187028.0
2018-03-07,1.4,1.41,1.395,1.41,1.41,61747.0
2018-03-08,1.395,1.41,1.395,1.4,1.4,51623.0
2018-03-11,1.4,1.42,1.4,1.41,1.41,322368.0
2018-03-12,1.4,1.415,1.4,1.4,1.4,156757.0
2018-03-13,1.39,1.415,1.39,1.41,1.41,141931.0
2018-03-14,1.4,1.415,1.395,1.41,1.41,62596.0
2018-03-15,1.395,1.41,1.39,1.405,1.405,136944.0
2018-03-18,1.405,1.405,1.385,1.4,1.4,360732.0
2018-03-19,1.385,1.39,1.375,1.375,1.375,29395.0
2018-03-20,1.375,1.385,1.3719999999999999,1.375,1.375,180456.0
2018-03-21,1.38,1.38,1.365,1.38,1.38,88653.0
2018-03-22,1.365,1.3675,1.26,1.35,1.35,231348.0
2018-03-25,1.33,1.34,1.315,1.33,1.33,185484.0
2018-03-26,1.335,1.37,1.32,1.37,1.37,102670.0
2018-03-27,1.35,1.365,1.325,1.34,1.34,202246.0
2018-03-28,1.335,1.34,1.245,1.3,1.3,151497.0
2018-04-03,1.295,1.325,1.295,1.315,1.315,160589.0
2018-04-04,1.33,1.355,1.29,1.355,1.355,221182.0
2018-04-05,1.345,1.38,1.34,1.375,1.375,506694.0
2018-04-06,1.35,1.375,1.33,1.375,1.375,120993.0
2018-04-09,1.335,1.395,1.335,1.39,1.39,241397.0
2018-04-10,1.375,1.415,1.375,1.4,1.4,182875.0
2018-04-11,1.36,1.42,1.36,1.415,1.415,118742.0
2018-04-12,1.36,1.42,1.35,1.42,1.42,39699.0
2018-04-13,1.315,1.4,1.315,1.38,1.38,76507.0
2018-04-16,1.275,1.3,1.26,1.285,1.285,912669.0
2018-04-17,1.28,1.31,1.275,1.305,1.305,491299.0
2018-04-18,1.3,1.33,1.3,1.325,1.325,447100.0
2018-04-19,1.305,1.34,1.305,1.335,1.335,169452.0
2018-04-20,1.31,1.3219999999999998,1.295,1.3,1.3,1029175.0
2018-04-23,1.28,1.3,1.25,1.28,1.28,277462.0
2018-04-24,1.25,1.275,1.25,1.26,1.26,398322.0
2018-04-26,1.245,1.25,1.21,1.24,1.24,256378.0
2018-04-27,1.22,1.22,1.18,1.18,1.18,205515.0
2018-04-30,1.175,1.235,1.175,1.21,1.21,278759.0
2018-05-01,1.21,1.225,1.2,1.225,1.225,752553.0
2018-05-02,1.22,1.225,1.205,1.22,1.22,1365582.0
2018-05-03,1.205,1.25,1.205,1.25,1.25,137041.0
2018-05-04,1.25,1.255,1.235,1.25,1.25,77475.0
2018-05-07,1.26,1.27,1.24,1.27,1.27,93101.0
2018-05-08,1.255,1.255,1.24,1.25,1.25,50228.0
2018-05-09,1.25,1.255,1.25,1.25,1.25,66908.0
2018-05-10,1.255,1.26,1.245,1.255,1.255,127852.0
2018-05-11,1.255,1.285,1.255,1.285,1.285,233894.0
2018-05-14,1.27,1.28,1.265,1.27,1.27,46019.0
2018-05-15,1.27,1.285,1.25,1.26,1.26,78825.0
2018-05-16,1.25,1.2670000000000001,1.24,1.26,1.26,166701.0
2018-05-17,1.26,1.265,1.25,1.25,1.25,123585.0
2018-05-18,1.255,1.26,1.245,1.255,1.255,107575.0
2018-05-21,1.255,1.26,1.2,1.255,1.255,242218.0
2018-05-22,1.255,1.27,1.252,1.26,1.26,61395.0
2018-05-23,1.255,1.265,1.25,1.26,1.26,129968.0
2018-05-24,1.25,1.28,1.25,1.27,1.27,197132.0
2018-05-25,1.265,1.28,1.265,1.27,1.27,71908.0
2018-05-28,1.27,1.275,1.265,1.27,1.27,103749.0
2018-05-29,1.27,1.275,1.255,1.27,1.27,224886.0
2018-05-30,1.265,1.28,1.26,1.28,1.28,40237.0
2018-05-31,1.27,1.3,1.27,1.285,1.285,161890.0
2018-06-01,1.27,1.285,1.265,1.275,1.275,84166.0
2018-06-04,1.27,1.285,1.27,1.28,1.28,20335.0
2018-06-05,1.27,1.3,1.27,1.3,1.3,156535.0
2018-06-06,1.27,1.297,1.265,1.28,1.28,54402.0
2018-06-07,1.28,1.29,1.27,1.275,1.275,41918.0
2018-06-08,1.27,1.28,1.225,1.27,1.27,128043.0
2018-06-12,1.27,1.27,1.225,1.24,1.24,368572.0
2018-06-13,1.225,1.27,1.22,1.27,1.27,209334.0
2018-06-14,1.255,1.29,1.24,1.29,1.29,144183.0
2018-06-15,1.275,1.3,1.275,1.3,1.3,537782.0
2018-06-18,1.24,1.28,1.24,1.25,1.25,78494.0
2018-06-19,1.25,1.2825,1.25,1.27,1.27,169645.0
2018-06-20,1.27,1.28,1.26,1.28,1.28,109033.0
2018-06-21,1.26,1.265,1.24,1.245,1.245,85418.0
2018-06-22,1.245,1.28,1.245,1.26,1.26,181565.0
2018-06-25,1.26,1.29,1.255,1.29,1.29,203473.0
2018-06-26,1.26,1.3,1.255,1.3,1.3,404609.0
2018-06-27,1.285,1.305,1.275,1.295,1.295,318016.0
2018-06-28,1.28,1.32,1.28,1.31,1.31,176493.0
2018-06-29,1.31,1.33,1.3,1.33,1.33,95246.0
2018-07-02,1.305,1.315,1.255,1.3,1.3,34843.0
2018-07-03,1.24,1.29,1.24,1.265,1.265,80315.0
2018-07-04,1.29,1.29,1.245,1.245,1.245,31237.0
2018-07-05,1.24,1.245,1.19,1.2,1.2,189715.0
2018-07-06,1.195,1.195,1.145,1.18,1.18,177051.0
2018-07-09,1.185,1.185,1.15,1.17,1.17,158941.0
2018-07-10,1.17,1.185,1.16,1.16,1.16,108870.0
2018-07-11,1.155,1.175,1.15,1.165,1.165,148142.0
2018-07-12,1.15,1.21,1.08,1.17,1.17,387837.0
2018-07-13,1.17,1.17,1.13,1.145,1.145,61451.0
2018-07-16,1.14,1.16,1.14,1.155,1.155,198584.0
2018-07-17,1.13,1.155,1.13,1.155,1.155,87231.0
2018-07-18,1.13,1.18,1.075,1.155,1.155,336177.0
2018-07-19,1.16,1.205,1.125,1.2,1.2,199370.0
2018-07-20,1.175,1.22,1.16,1.195,1.195,119560.0
2018-07-23,1.2,1.22,1.15,1.2,1.2,289679.0
2018-07-24,1.155,1.22,1.155,1.195,1.195,123162.0
2018-07-25,1.215,1.265,1.2,1.235,1.235,142104.0
2018-07-26,1.235,1.27,1.202,1.25,1.25,47676.0
2018-07-27,1.255,1.3,1.23,1.3,1.3,132252.0
2018-07-30,1.295,1.295,1.23,1.285,1.285,57443.0
2018-07-31,1.25,1.285,1.22,1.27,1.27,55905.0
2018-08-01,1.24,1.27,1.23,1.26,1.26,7809.0
2018-08-02,1.26,1.275,1.24,1.275,1.275,9504.0
2018-08-03,1.24,1.255,1.215,1.215,1.215,16209.0
2018-08-06,1.23,1.26,1.215,1.26,1.26,26146.0
2018-08-07,1.26,1.27,1.24,1.26,1.26,19413.0
2018-08-08,1.255,1.28,1.24,1.265,1.265,98061.0
2018-08-09,1.275,1.29,1.205,1.245,1.245,42403.0
2018-08-10,1.235,1.275,1.235,1.27,1.27,65133.0
2018-08-13,1.205,1.275,1.2,1.27,1.27,62898.0
2018-08-14,1.27,1.33,1.225,1.325,1.325,200595.0
2018-08-15,1.325,1.39,1.295,1.355,1.355,255290.0
2018-08-16,1.355,1.375,1.31,1.35,1.35,208965.0
2018-08-17,1.35,1.395,1.335,1.395,1.395,249213.0
2018-08-20,1.32,1.32,1.18,1.21,1.21,492590.0
2018-08-21,1.215,1.305,1.215,1.3,1.3,315765.0
2018-08-22,1.305,1.31,1.2770000000000001,1.295,1.295,433568.0
2018-08-23,1.26,1.3,1.225,1.24,1.24,955478.0
2018-08-24,1.23,1.24,1.21,1.22,1.22,150259.0
2018-08-27,1.21,1.22,1.19,1.2,1.2,1750259.0
2018-08-28,1.195,1.2,1.16,1.2,1.2,115964.0
2018-08-29,1.19,1.2075,1.19,1.2,1.2,237432.0
2018-08-30,1.205,1.205,1.18,1.2,1.2,821281.0
2018-08-31,1.18,1.18,1.15,1.18,1.18,376676.0
2018-09-03,1.17,1.19,1.17,1.18,1.18,217501.0
2018-09-04,1.18,1.18,1.16,1.18,1.18,111335.0
2018-09-05,1.175,1.18,1.145,1.155,1.155,126256.0
2018-09-06,1.155,1.18,1.15,1.175,1.175,109938.0
2018-09-07,1.155,1.165,1.15,1.155,1.155,48567.0
2018-09-10,1.17,1.175,1.15,1.175,1.175,284010.0
2018-09-11,1.15,1.18,1.15,1.18,1.18,31874.0
2018-09-12,1.17,1.185,1.15,1.17,1.17,316530.0
2018-09-13,1.15,1.24,1.15,1.24,1.24,386362.0
2018-09-14,1.19,1.23,1.19,1.21,1.21,166436.0
2018-09-17,1.175,1.245,1.175,1.215,1.215,95219.0
2018-09-18,1.21,1.25,1.207,1.23,1.23,347044.0
2018-09-19,1.23,1.25,1.205,1.25,1.25,370277.0
2018-09-20,1.21,1.25,1.175,1.2,1.2,61295.0
2018-09-21,1.195,1.22,1.155,1.22,1.22,656841.0
2018-09-24,1.23,1.23,1.16,1.2,1.2,45580.0
2018-09-25,1.16,1.24,1.155,1.24,1.24,273776.0
2018-09-26,1.225,1.23,1.21,1.22,1.22,109363.0
2018-09-27,1.195,1.22,1.19,1.2,1.2,117761.0
2018-09-28,1.195,1.21,1.16,1.175,1.175,181810.0
2018-10-01,1.195,1.207,1.17,1.185,1.185,114498.0
2018-10-02,1.21,1.22,1.17,1.19,1.19,201914.0
2018-10-03,1.19,1.19,1.19,1.19,1.19,1.0
2018-10-04,1.17,1.2,1.17,1.195,1.195,465390.0
2018-10-05,1.19,1.21,1.165,1.21,1.21,242865.0
2018-10-07,1.19,1.2,1.185,1.19,1.19,49313.0
2018-10-08,1.19,1.215,1.155,1.16,1.16,49006.0
2018-10-09,1.16,1.2,1.16,1.18,1.18,162423.0
2018-10-10,1.165,1.19,1.16,1.17,1.17,167933.0
2018-10-11,1.155,1.175,1.13,1.145,1.145,597512.0
2018-10-14,1.135,1.17,1.115,1.13,1.13,172491.0
2018-10-15,1.11,1.13,1.1,1.12,1.12,124155.0
2018-10-16,1.11,1.15,1.11,1.12,1.12,156993.0
2018-10-17,1.11,1.12,1.09,1.105,1.105,34063.0
2018-10-18,1.1,1.105,1.055,1.09,1.09,529592.0
2018-10-21,1.055,1.08,1.055,1.06,1.06,5102.0
2018-10-22,1.08,1.08,1.055,1.065,1.065,91844.0
2018-10-23,1.065,1.08,1.055,1.075,1.075,313531.0
2018-10-24,1.02,1.04,0.96,1.03,1.03,154118.0
2018-10-25,1.05,1.055,1.02,1.025,1.025,188905.0
2018-10-28,0.95,1.01,0.95,1.0,1.0,203409.0
2018-10-29,0.95,1.01,0.905,1.0,1.0,53055.0
2018-10-30,1.0,1.06,0.965,1.015,1.015,35638.0
2018-10-31,1.02,1.08,1.0,1.08,1.08,264553.0
2018-11-01,1.04,1.08,1.03,1.08,1.08,131097.0
2018-11-04,1.055,1.08,1.05,1.065,1.065,308246.0
2018-11-05,1.02,1.04,1.0,1.04,1.04,238216.0
2018-11-06,1.03,1.035,1.01,1.015,1.015,134974.0
2018-11-07,1.005,1.045,1.005,1.045,1.045,416347.0
2018-11-08,1.045,1.045,1.02,1.04,1.04,210348.0
2018-11-11,1.05,1.05,1.02,1.05,1.05,91830.0
2018-11-12,1.04,1.04,1.03,1.04,1.04,243082.0
2018-11-13,1.025,1.03,1.005,1.005,1.005,794045.0
2018-11-14,1.05,1.05,0.99,1.0,1.0,574704.0
2018-11-15,1.0,1.04,1.0,1.015,1.015,131675.0
2018-11-18,1.045,1.085,1.025,1.085,1.085,89164.0
2018-11-19,1.085,1.085,1.02,1.05,1.05,202239.0
2018-11-20,1.02,1.05,1.02,1.035,1.035,165679.0
2018-11-21,1.025,1.03,1.015,1.03,1.03,248122.0
2018-11-22,1.02,1.035,1.0,1.015,1.015,368975.0
2018-11-25,1.005,1.04,0.995,1.04,1.04,141791.0
2018-11-26,1.04,1.05,1.015,1.03,1.03,141384.0
2018-11-27,1.025,1.025,1.0,1.025,1.025,92773.0
2018-11-28,1.02,1.035,0.99,1.035,1.035,40112.0
2018-11-29,1.03,1.08,1.02,1.08,1.08,393607.0
2018-12-02,1.035,1.075,1.015,1.05,1.05,514914.0
2018-12-03,1.025,1.055,1.01,1.03,1.03,56676.0
2018-12-04,0.99,1.015,0.99,1.005,1.005,528675.0
2018-12-05,1.05,1.05,0.995,1.05,1.05,70189.0
2018-12-06,1.05,1.055,1.005,1.005,1.005,173075.0
2018-12-09,1.0,1.02,0.99,1.02,1.02,156383.0
2018-12-10,1.015,1.04,1.01,1.04,1.04,275234.0
2018-12-11,1.01,1.04,1.01,1.025,1.025,109035.0
2018-12-12,1.01,1.04,1.01,1.025,1.025,109035.0
2018-12-13,1.025,1.025,1.025,1.025,1.025,0.0
2018-12-16,1.03,1.06,1.015,1.025,1.025,179614.0
2018-12-17,1.025,1.025,0.99,1.0,1.0,134066.0
2018-12-18,1.015,1.015,0.985,0.985,0.985,94674.0
2018-12-19,0.99,0.99,0.92,0.975,0.975,38603.0
2018-12-20,0.93,1.03,0.93,1.03,1.03,294010.0
2018-12-23,1.03,1.07,1.005,1.03,1.03,12315.0
2018-12-26,1.03,1.08,1.03,1.04,1.04,68302.0
2018-12-27,1.005,1.055,1.0,1.0,1.0,34269.0
2018-12-30,1.05,1.055,1.0,1.0,1.0,132812.0
2019-01-01,1.01,1.02,1.0,1.0,1.0,15947.0
2019-01-02,1.0,1.02,0.99,1.02,1.02,46909.0
2019-01-03,0.97,1.0,0.97,0.995,0.995,61520.0
2019-01-06,1.02,1.02,0.985,0.985,0.985,19336.0
2019-01-07,1.0,1.02,0.985,0.995,0.995,150939.0
2019-01-08,0.995,1.0,0.98,1.0,1.0,493349.0
2019-01-09,1.0,1.0,0.977,0.995,0.995,34378.0
2019-01-10,0.96,0.98,0.95,0.98,0.98,72853.0
2019-01-13,0.98,0.985,0.95,0.95,0.95,28245.0
2019-01-14,0.95,0.98,0.92,0.945,0.945,130317.0
2019-01-15,0.915,0.975,0.915,0.975,0.975,117562.0
2019-01-16,0.975,0.985,0.93,0.985,0.985,61649.0
2019-01-17,0.95,0.995,0.95,0.96,0.96,37894.0
2019-01-20,0.955,1.01,0.9470000000000001,1.01,1.01,72742.0
2019-01-21,0.95,0.975,0.94,0.975,0.975,49538.0
2019-01-22,0.98,0.99,0.96,0.99,0.99,32223.0
2019-01-23,0.985,0.985,0.95,0.96,0.96,61767.0
2019-01-24,0.96,0.96,0.95,0.95,0.95,31398.0
2019-01-28,0.95,0.96,0.94,0.94,0.94,34453.0
2019-01-29,0.945,0.97,0.94,0.94,0.94,26015.0
2019-01-30,0.945,0.945,0.93,0.935,0.935,43510.0
2019-01-31,0.95,0.955,0.935,0.935,0.935,69379.0
2019-02-03,0.935,0.945,0.93,0.945,0.945,35707.0
2019-02-04,0.93,0.935,0.925,0.93,0.93,329019.0
2019-02-05,0.94,0.95,0.925,0.94,0.94,24274.0
2019-02-06,0.925,0.925,0.925,0.925,0.925,38.0
2019-02-07,0.965,0.965,0.92,0.92,0.92,322951.0
2019-02-10,0.93,0.95,0.93,0.945,0.945,435674.0
2019-02-11,0.925,0.93,0.925,0.925,0.925,45570.0
2019-02-12,0.93,0.93,0.92,0.92,0.92,47370.0
2019-02-13,0.92,0.93,0.92,0.93,0.93,16446.0
2019-02-14,0.92,0.93,0.905,0.93,0.93,106704.0
2019-02-17,0.93,0.945,0.925,0.94,0.94,36863.0
2019-02-18,0.92,0.95,0.92,0.95,0.95,121594.0
2019-02-19,0.965,0.975,0.915,0.975,0.975,159970.0
2019-02-20,0.93,1.0,0.93,0.99,0.99,84086.0
2019-02-21,0.985,1.0,0.95,1.0,1.0,102978.0
2019-02-24,1.0,1.05,1.0,1.03,1.03,108043.0
2019-02-25,1.03,1.045,1.015,1.035,1.035,84420.0
2019-02-26,1.015,1.16,0.99,1.14,1.14,218301.0
2019-02-27,1.15,1.15,1.1,1.12,1.12,155591.0
2019-02-28,1.1,1.125,1.1,1.11,1.11,130382.0
2019-03-03,1.08,1.15,1.08,1.135,1.135,125429.0
2019-03-04,1.13,1.16,1.13,1.145,1.145,2260950.0
2019-03-05,1.13,1.16,1.105,1.16,1.16,337184.0
2019-03-06,1.12,1.13,1.09,1.13,1.13,1109962.0
2019-03-07,1.11,1.17,1.11,1.155,1.155,119368.0
2019-03-10,1.14,1.15,1.11,1.125,1.125,11327.0
2019-03-11,1.14,1.2,1.095,1.2,1.2,239196.0
2019-03-12,1.185,1.2,1.145,1.15,1.15,111815.0
2019-03-13,1.155,1.1625,1.145,1.16,1.16,83832.0
2019-03-14,1.16,1.17,1.14,1.17,1.17,18443.0
2019-03-17,1.15,1.175,1.135,1.175,1.175,149358.0
2019-03-18,1.165,1.177,1.15,1.16,1.16,65586.0
2019-03-19,1.155,1.185,1.12,1.185,1.185,267247.0
2019-03-20,1.162,1.1625,1.145,1.155,1.155,484723.0
2019-03-21,1.16,1.16,1.12,1.13,1.13,460936.0
2019-03-24,1.13,1.15,1.125,1.14,1.14,278437.0
2019-03-25,1.13,1.13,1.1,1.11,1.11,41348.0
2019-03-26,1.1,1.1,1.03,1.05,1.05,173915.0
2019-03-27,1.05,1.095,1.045,1.08,1.08,1119981.0
2019-03-28,1.09,1.09,1.045,1.065,1.065,228774.0
2019-03-31,1.05,1.075,1.045,1.065,1.065,162347.0
2019-04-01,1.065,1.125,1.045,1.085,1.085,184250.0
2019-04-02,1.07,1.12,1.055,1.06,1.06,33201.0
2019-04-03,1.065,1.115,1.065,1.11,1.11,70045.0
2019-04-04,1.085,1.105,1.085,1.105,1.105,28268.0
2019-04-08,1.09,1.095,1.065,1.09,1.09,89409.0
2019-04-09,1.09,1.09,1.09,1.09,1.09,2125.0
2019-04-10,1.085,1.09,1.07,1.07,1.07,43696.0
2019-04-11,1.075,1.075,1.06,1.065,1.065,164619.0
2019-04-12,1.07,1.072,1.055,1.07,1.07,283221.0
2019-04-15,1.07,1.075,1.055,1.055,1.055,109043.0
2019-04-16,1.055,1.06,1.045,1.05,1.05,76206.0
2019-04-17,1.05,1.07,1.025,1.05,1.05,245158.0
2019-04-18,1.03,1.0425,1.025,1.035,1.035,186805.0
2019-04-23,1.025,1.03,1.015,1.02,1.02,46455.0
2019-04-24,1.015,1.03,1.01,1.015,1.015,580647.0
2019-04-26,1.02,1.02,0.985,1.0,1.0,256528.0
2019-04-29,1.0,1.0,0.98,0.98,0.98,43182.0
2019-04-30,0.99,1.0,0.987,0.995,0.995,49305.0
2019-05-01,0.995,1.0,0.985,1.0,1.0,45707.0
2019-05-02,0.995,1.005,0.99,0.995,0.995,37019.0
2019-05-03,1.0,1.0,0.97,0.97,0.97,164595.0
2019-05-06,0.975,0.995,0.97,0.985,0.985,95172.0
2019-05-07,0.98,0.985,0.97,0.98,0.98,22051.0
2019-05-08,0.98,0.98,0.97,0.97,0.97,735616.0
2019-05-09,0.98,0.98,0.965,0.97,0.97,141474.0
2019-05-10,0.97,0.97,0.97,0.97,0.97,14361.0
2019-05-13,0.965,0.965,0.955,0.955,0.955,115292.0
2019-05-14,0.955,0.955,0.945,0.95,0.95,22944.0
2019-05-15,0.95,0.955,0.937,0.94,0.94,50640.0
2019-05-16,0.955,0.955,0.935,0.945,0.945,224478.0
2019-05-17,0.945,0.945,0.94,0.945,0.945,223212.0
2019-05-20,0.95,0.99,0.935,0.955,0.955,345285.0
2019-05-21,0.955,0.955,0.955,0.955,0.955,0.0
2019-05-22,0.975,0.975,0.94,0.95,0.95,192883.0
2019-05-23,0.93,0.95,0.915,0.925,0.925,214662.0
2019-05-24,0.92,0.935,0.92,0.925,0.925,344627.0
2019-05-27,0.925,0.93,0.92,0.925,0.925,356786.0
2019-05-28,0.925,0.925,0.925,0.925,0.925,0.0
2019-05-29,0.925,0.925,0.9,0.915,0.915,722033.0
2019-05-30,0.915,0.93,0.907,0.91,0.91,1099776.0
2019-05-31,0.91,0.915,0.89,0.91,0.91,789266.0
2019-06-03,0.9,0.905,0.845,0.89,0.89,819215.0
2019-06-04,0.89,0.91,0.87,0.89,0.89,683928.0
2019-06-05,0.885,0.885,0.865,0.88,0.88,820042.0
